


All Source to All Destination  

Data : 10101
Mesh 0 0 0 1 1.08592 1

Mesh 0 0 0 2 1.52112 2

Mesh 0 0 0 3 2.37682 3

Mesh 0 0 0 4 3.31784 4

Mesh 0 0 0 5 4.29007 5

Mesh 0 0 0 6 4.32068 6

Mesh 0 0 0 7 3.86888 7

Mesh 0 0 0 8 4.54983 8

Mesh 0 0 0 9 6.14747 9

Mesh 0 0 1 0 0.666379 1

Mesh 0 0 1 1 2.00453 2

Mesh 0 0 1 2 1.99067 3

Mesh 0 0 1 3 2.59426 4

Mesh 0 0 1 4 2.65108 5

Mesh 0 0 1 5 4.28851 6

Mesh 0 0 1 6 5.06063 7

Mesh 0 0 1 7 6.44383 8

Mesh 0 0 1 8 7.58399 9

Mesh 0 0 1 9 6.16027 10

Mesh 0 0 2 0 1.41554 2

Mesh 0 0 2 1 1.75372 3

Mesh 0 0 2 2 2.84771 4

Mesh 0 0 2 3 3.52818 5

Mesh 0 0 2 4 4.41844 6

Mesh 0 0 2 5 4.82505 7

Mesh 0 0 2 6 6.43954 8

Mesh 0 0 2 7 6.20053 9

Mesh 0 0 2 8 7.54904 10

Mesh 0 0 2 9 7.97064 11

Mesh 0 0 3 0 2.36504 3

Mesh 0 0 3 1 2.9248 4

Mesh 0 0 3 2 4.0173 5

Mesh 0 0 3 3 4.15577 6

Mesh 0 0 3 4 4.59894 7

Mesh 0 0 3 5 5.76749 8

Mesh 0 0 3 6 7.39391 9

Mesh 0 0 3 7 7.06982 10

Mesh 0 0 3 8 7.42303 11

Mesh 0 0 3 9 8.97657 12

Mesh 0 0 4 0 2.77709 4

Mesh 0 0 4 1 3.25696 5

Mesh 0 0 4 2 4.30779 6

Mesh 0 0 4 3 4.78681 7

Mesh 0 0 4 4 6.01393 8

Mesh 0 0 4 5 6.41645 9

Mesh 0 0 4 6 7.32042 10

Mesh 0 0 4 7 7.27937 11

Mesh 0 0 4 8 7.9927 12

Mesh 0 0 4 9 8.48344 13

Mesh 0 0 5 0 3.60552 5

Mesh 0 0 5 1 4.33349 6

Mesh 0 0 5 2 5.38483 7

Mesh 0 0 5 3 6.37181 8

Mesh 0 0 5 4 6.15689 9

Mesh 0 0 5 5 7.89302 10

Mesh 0 0 5 6 7.20127 11

Mesh 0 0 5 7 8.48209 12

Mesh 0 0 5 8 11.8503 13

Mesh 0 0 5 9 11.3358 14

Mesh 0 0 6 0 5.25075 6

Mesh 0 0 6 1 5.16384 7

Mesh 0 0 6 2 6.39894 8

Mesh 0 0 6 3 6.94598 9

Mesh 0 0 6 4 7.9792 10

Mesh 0 0 6 5 7.84577 11

Mesh 0 0 6 6 8.32269 12

Mesh 0 0 6 7 11.3397 13

Mesh 0 0 6 8 10.9453 14

Mesh 0 0 6 9 10.2163 15

Mesh 0 0 7 0 4.86496 7

Mesh 0 0 7 1 5.71336 8

Mesh 0 0 7 2 6.61051 9

Mesh 0 0 7 3 7.63652 10

Mesh 0 0 7 4 8.02388 11

Mesh 0 0 7 5 8.40651 12

Mesh 0 0 7 6 9.01499 13

Mesh 0 0 7 7 10.0395 14

Mesh 0 0 7 8 11.4108 15

Mesh 0 0 7 9 12.6608 16

Mesh 0 0 8 0 5.98056 8

Mesh 0 0 8 1 5.82393 9

Mesh 0 0 8 2 8.46423 10

Mesh 0 0 8 3 8.66382 11

Mesh 0 0 8 4 9.51356 12

Mesh 0 0 8 5 8.923 13

Mesh 0 0 8 6 11.1721 14

Mesh 0 0 8 7 11.8023 15

Mesh 0 0 8 8 11.5873 16

Mesh 0 0 8 9 12.2924 17

Mesh 0 0 9 0 6.80156 9

Mesh 0 0 9 1 8.1558 10

Mesh 0 0 9 2 8.9788 11

Mesh 0 0 9 3 7.2987 12

Mesh 0 0 9 4 9.9678 13

Mesh 0 0 9 5 10.808 14

Mesh 0 0 9 6 10.1629 15

Mesh 0 0 9 7 11.2781 16

Mesh 0 0 9 8 13.0188 17

Mesh 0 0 9 9 13.1302 18

MESH TOPOLOGY SIMULATION


Row Size : 7	Column Size : 7
MESH TOPOLOGY SIMULATION


Row Size : 7	Column Size : 7


All Source to All Destination  

Data : 10101
Mesh 0 0 0 1 0.460497 1

Mesh 0 0 0 2 0.982991 2

Mesh 0 0 0 3 1.10044 3

Mesh 0 0 0 4 1.50586 4

Mesh 0 0 0 5 1.88241 5

Mesh 0 0 0 6 2.02748 6

Mesh 0 0 1 0 0.662423 1

Mesh 0 0 1 1 0.680087 2

Mesh 0 0 1 2 1.04615 3

Mesh 0 0 1 3 1.46779 4

Mesh 0 0 1 4 1.51018 5

Mesh 0 0 1 5 1.92104 6

Mesh 0 0 1 6 2.74668 7

Mesh 0 0 2 0 0.581815 2

Mesh 0 0 2 1 0.903309 3

Mesh 0 0 2 2 1.25937 4

Mesh 0 0 2 3 1.9113 5

Mesh 0 0 2 4 2.81736 6

Mesh 0 0 2 5 2.52032 7

Mesh 0 0 2 6 3.19621 8

Mesh 0 0 3 0 1.01512 3

Mesh 0 0 3 1 1.27577 4

Mesh 0 0 3 2 1.37434 5

Mesh 0 0 3 3 2.25296 6

Mesh 0 0 3 4 2.63259 7

Mesh 0 0 3 5 2.91211 8

Mesh 0 0 3 6 2.71014 9

Mesh 0 0 4 0 0.929562 4

Mesh 0 0 4 1 1.64977 5

Mesh 0 0 4 2 1.83496 6

Mesh 0 0 4 3 2.9119 7

Mesh 0 0 4 4 3.03143 8

Mesh 0 0 4 5 3.25664 9

Mesh 0 0 4 6 3.6737 10

Mesh 0 0 5 0 1.75238 5

Mesh 0 0 5 1 2.15222 6

Mesh 0 0 5 2 2.35805 7

Mesh 0 0 5 3 2.61736 8

Mesh 0 0 5 4 3.14316 9

Mesh 0 0 5 5 3.30065 10

Mesh 0 0 5 6 3.61872 11

Mesh 0 0 6 0 2.06024 6

Mesh 0 0 6 1 2.15037 7

Mesh 0 0 6 2 2.80888 8

Mesh 0 0 6 3 3.6155 9

Mesh 0 0 6 4 3.75908 10

Mesh 0 0 6 5 3.84973 11

Mesh 0 0 6 6 3.85869 12

Mesh 0 1 0 0 0.477854 1

Mesh 0 1 0 2 0.4786 1

Mesh 0 1 0 3 0.928856 2

Mesh 0 1 0 4 0.939456 3

Mesh 0 1 0 5 1.43579 4

Mesh 0 1 0 6 1.64949 5

Mesh 0 1 1 0 0.919 2

Mesh 0 1 1 1 0.405532 1

Mesh 0 1 1 2 0.725909 2

Mesh 0 1 1 3 1.05095 3

Mesh 0 1 1 4 1.31811 4

Mesh 0 1 1 5 1.87233 5

Mesh 0 1 1 6 2.1051 6

Mesh 0 1 2 0 0.906966 3

Mesh 0 1 2 1 0.780596 2

Mesh 0 1 2 2 1.00899 3

Mesh 0 1 2 3 1.53547 4

Mesh 0 1 2 4 1.52262 5

Mesh 0 1 2 5 2.60746 6

Mesh 0 1 2 6 2.56443 7

Mesh 0 1 3 0 1.25053 4

Mesh 0 1 3 1 0.606158 3

Mesh 0 1 3 2 1.28171 4

Mesh 0 1 3 3 1.78604 5

Mesh 0 1 3 4 1.89317 6

Mesh 0 1 3 5 2.63882 7

Mesh 0 1 3 6 2.11932 8

Mesh 0 1 4 0 1.69949 5

Mesh 0 1 4 1 1.25918 4

Mesh 0 1 4 2 1.72902 5

Mesh 0 1 4 3 1.9273 6

Mesh 0 1 4 4 2.45561 7

Mesh 0 1 4 5 2.99517 8

Mesh 0 1 4 6 2.10216 9

Mesh 0 1 5 0 2.21745 6

Mesh 0 1 5 1 1.83651 5

Mesh 0 1 5 2 2.58863 6

Mesh 0 1 5 3 2.59549 7

Mesh 0 1 5 4 2.42218 8

Mesh 0 1 5 5 3.20354 9

Mesh 0 1 5 6 3.24715 10

Mesh 0 1 6 0 2.72309 7

Mesh 0 1 6 1 2.24238 6

Mesh 0 1 6 2 2.25351 7

Mesh 0 1 6 3 2.82775 8

Mesh 0 1 6 4 2.74309 9

Mesh 0 1 6 5 3.70641 10

Mesh 0 1 6 6 3.8548 11

Mesh 0 2 0 0 0.972428 2

Mesh 0 2 0 1 0.361593 1

Mesh 0 2 0 3 0.597011 1

Mesh 0 2 0 4 0.557983 2

Mesh 0 2 0 5 1.10581 3

Mesh 0 2 0 6 1.08998 4

Mesh 0 2 1 0 1.18924 3

Mesh 0 2 1 1 1.01957 2

Mesh 0 2 1 2 0.531765 1

Mesh 0 2 1 3 0.781609 2

Mesh 0 2 1 4 1.04988 3

Mesh 0 2 1 5 1.66405 4

Mesh 0 2 1 6 1.65275 5

Mesh 0 2 2 0 1.23337 4

Mesh 0 2 2 1 0.940972 3

Mesh 0 2 2 2 0.775614 2

Mesh 0 2 2 3 0.837073 3

Mesh 0 2 2 4 1.4416 4

Mesh 0 2 2 5 2.13196 5

Mesh 0 2 2 6 2.11692 6

Mesh 0 2 3 0 1.5216 5

Mesh 0 2 3 1 1.29288 4

Mesh 0 2 3 2 1.25584 3

Mesh 0 2 3 3 1.07673 4

Mesh 0 2 3 4 1.31835 5

Mesh 0 2 3 5 2.48236 6

Mesh 0 2 3 6 2.19588 7

Mesh 0 2 4 0 2.57582 6

Mesh 0 2 4 1 1.59542 5

Mesh 0 2 4 2 1.32974 4

Mesh 0 2 4 3 1.76618 5

Mesh 0 2 4 4 2.12343 6

Mesh 0 2 4 5 2.71463 7

Mesh 0 2 4 6 2.35727 8

Mesh 0 2 5 0 2.65513 7

Mesh 0 2 5 1 2.09946 6

Mesh 0 2 5 2 1.53664 5

Mesh 0 2 5 3 2.51658 6

Mesh 0 2 5 4 2.84038 7

Mesh 0 2 5 5 2.19621 8

Mesh 0 2 5 6 2.989 9

Mesh 0 2 6 0 3.05049 8

Mesh 0 2 6 1 2.71794 7

Mesh 0 2 6 2 2.28732 6

Mesh 0 2 6 3 2.72518 7

Mesh 0 2 6 4 2.65262 8

Mesh 0 2 6 5 3.13157 9

Mesh 0 2 6 6 3.63986 10

Mesh 0 3 0 0 1.20581 3

Mesh 0 3 0 1 0.614143 2

Mesh 0 3 0 2 0.388693 1

Mesh 0 3 0 4 0.606575 1

Mesh 0 3 0 5 0.97499 2

Mesh 0 3 0 6 0.989018 3

Mesh 0 3 1 0 1.51995 4

Mesh 0 3 1 1 1.2123 3

Mesh 0 3 1 2 0.657955 2

Mesh 0 3 1 3 0.406472 1

Mesh 0 3 1 4 0.775996 2

Mesh 0 3 1 5 1.51982 3

Mesh 0 3 1 6 1.69395 4

Mesh 0 3 2 0 1.86021 5

Mesh 0 3 2 1 1.68059 4

Mesh 0 3 2 2 1.01601 3

Mesh 0 3 2 3 0.745313 2

Mesh 0 3 2 4 1.0944 3

Mesh 0 3 2 5 1.51676 4

Mesh 0 3 2 6 1.5996 5

Mesh 0 3 3 0 2.06379 6

Mesh 0 3 3 1 1.76862 5

Mesh 0 3 3 2 1.55368 4

Mesh 0 3 3 3 1.05437 3

Mesh 0 3 3 4 1.44574 4

Mesh 0 3 3 5 1.8146 5

Mesh 0 3 3 6 2.03166 6

Mesh 0 3 4 0 2.96186 7

Mesh 0 3 4 1 2.64852 6

Mesh 0 3 4 2 1.72371 5

Mesh 0 3 4 3 1.32401 4

Mesh 0 3 4 4 1.85274 5

Mesh 0 3 4 5 2.18037 6

Mesh 0 3 4 6 3.37054 7

Mesh 0 3 5 0 2.20559 8

Mesh 0 3 5 1 2.29574 7

Mesh 0 3 5 2 1.89185 6

Mesh 0 3 5 3 1.26923 5

Mesh 0 3 5 4 2.21419 6

Mesh 0 3 5 5 2.38652 7

Mesh 0 3 5 6 2.62401 8

Mesh 0 3 6 0 2.94425 9

Mesh 0 3 6 1 2.92514 8

Mesh 0 3 6 2 2.44358 7

Mesh 0 3 6 3 2.01626 6

Mesh 0 3 6 4 2.18728 7

Mesh 0 3 6 5 2.72708 8

Mesh 0 3 6 6 3.51057 9

Mesh 0 4 0 0 1.51693 4

Mesh 0 4 0 1 1.20891 3

Mesh 0 4 0 2 0.604969 2

Mesh 0 4 0 3 0.433061 1

Mesh 0 4 0 5 0.496209 1

Mesh 0 4 0 6 0.829766 2

Mesh 0 4 1 0 1.68141 5

Mesh 0 4 1 1 1.55149 4

Mesh 0 4 1 2 1.21602 3

Mesh 0 4 1 3 0.875403 2

Mesh 0 4 1 4 0.416308 1

Mesh 0 4 1 5 0.710486 2

Mesh 0 4 1 6 1.09917 3

Mesh 0 4 2 0 2.27169 6

Mesh 0 4 2 1 1.8535 5

Mesh 0 4 2 2 1.56691 4

Mesh 0 4 2 3 1.29213 3

Mesh 0 4 2 4 0.602832 2

Mesh 0 4 2 5 1.08135 3

Mesh 0 4 2 6 1.81493 4

Mesh 0 4 3 0 3.0598 7

Mesh 0 4 3 1 2.62762 6

Mesh 0 4 3 2 1.9114 5

Mesh 0 4 3 3 1.52803 4

Mesh 0 4 3 4 1.22714 3

Mesh 0 4 3 5 1.15641 4

Mesh 0 4 3 6 1.96106 5

Mesh 0 4 4 0 2.81033 8

Mesh 0 4 4 1 2.15223 7

Mesh 0 4 4 2 1.78715 6

Mesh 0 4 4 3 1.94761 5

Mesh 0 4 4 4 1.82792 4

Mesh 0 4 4 5 1.78994 5

Mesh 0 4 4 6 2.44836 6

Mesh 0 4 5 0 3.36076 9

Mesh 0 4 5 1 2.38973 8

Mesh 0 4 5 2 2.27386 7

Mesh 0 4 5 3 2.35946 6

Mesh 0 4 5 4 1.85499 5

Mesh 0 4 5 5 2.45322 6

Mesh 0 4 5 6 2.99433 7

Mesh 0 4 6 0 3.47747 10

Mesh 0 4 6 1 3.39806 9

Mesh 0 4 6 2 2.96868 8

Mesh 0 4 6 3 2.58304 7

Mesh 0 4 6 4 1.80734 6

Mesh 0 4 6 5 2.58569 7

Mesh 0 4 6 6 2.91562 8

Mesh 0 5 0 0 1.56206 5

Mesh 0 5 0 1 1.36828 4

Mesh 0 5 0 2 1.35407 3

Mesh 0 5 0 3 0.561368 2

Mesh 0 5 0 4 0.398731 1

Mesh 0 5 0 6 0.592807 1

Mesh 0 5 1 0 1.96524 6

Mesh 0 5 1 1 1.27447 5

Mesh 0 5 1 2 1.43095 4

Mesh 0 5 1 3 0.899488 3

Mesh 0 5 1 4 0.76106 2

Mesh 0 5 1 5 0.695885 1

Mesh 0 5 1 6 0.810762 2

Mesh 0 5 2 0 2.57513 7

Mesh 0 5 2 1 2.21474 6

Mesh 0 5 2 2 1.83268 5

Mesh 0 5 2 3 1.15445 4

Mesh 0 5 2 4 1.2412 3

Mesh 0 5 2 5 0.99133 2

Mesh 0 5 2 6 1.37767 3

Mesh 0 5 3 0 2.49449 8

Mesh 0 5 3 1 2.61212 7

Mesh 0 5 3 2 2.19676 6

Mesh 0 5 3 3 1.73828 5

Mesh 0 5 3 4 1.32784 4

Mesh 0 5 3 5 1.1741 3

Mesh 0 5 3 6 1.27795 4

Mesh 0 5 4 0 3.14551 9

Mesh 0 5 4 1 3.14011 8

Mesh 0 5 4 2 1.95899 7

Mesh 0 5 4 3 2.37008 6

Mesh 0 5 4 4 1.45833 5

Mesh 0 5 4 5 1.23832 4

Mesh 0 5 4 6 2.2066 5

Mesh 0 5 5 0 3.27729 10

Mesh 0 5 5 1 3.48286 9

Mesh 0 5 5 2 3.02356 8

Mesh 0 5 5 3 2.16825 7

Mesh 0 5 5 4 1.80772 6

Mesh 0 5 5 5 1.71319 5

Mesh 0 5 5 6 2.16094 6

Mesh 0 5 6 0 3.18114 11

Mesh 0 5 6 1 3.14992 10

Mesh 0 5 6 2 2.62666 9

Mesh 0 5 6 3 2.49294 8

Mesh 0 5 6 4 2.37901 7

Mesh 0 5 6 5 1.99226 6

Mesh 0 5 6 6 2.69496 7

Mesh 0 6 0 0 1.524 6

Mesh 0 6 0 1 1.91706 5

Mesh 0 6 0 2 1.07093 4

Mesh 0 6 0 3 1.15286 3

Mesh 0 6 0 4 0.469863 2

Mesh 0 6 0 5 0.444715 1

Mesh 0 6 1 0 3.15079 7

Mesh 0 6 1 1 1.65218 6

Mesh 0 6 1 2 1.87868 5

Mesh 0 6 1 3 1.37858 4

Mesh 0 6 1 4 1.17758 3

Mesh 0 6 1 5 0.579821 2

Mesh 0 6 1 6 0.339613 1

Mesh 0 6 2 0 3.01493 8

Mesh 0 6 2 1 2.28396 7

Mesh 0 6 2 2 2.50907 6

Mesh 0 6 2 3 2.14186 5

Mesh 0 6 2 4 1.3468 4

Mesh 0 6 2 5 1.03882 3

Mesh 0 6 2 6 0.776338 2

Mesh 0 6 3 0 2.92876 9

Mesh 0 6 3 1 3.0919 8

Mesh 0 6 3 2 2.31395 7

Mesh 0 6 3 3 2.18983 6

Mesh 0 6 3 4 1.81847 5

Mesh 0 6 3 5 1.1205 4

Mesh 0 6 3 6 1.06683 3

Mesh 0 6 4 0 3.60549 10

Mesh 0 6 4 1 3.82229 9

Mesh 0 6 4 2 3.07718 8

Mesh 0 6 4 3 2.25038 7

Mesh 0 6 4 4 2.05832 6

Mesh 0 6 4 5 2.1626 5

Mesh 0 6 4 6 1.74688 4

Mesh 0 6 5 0 3.65407 11

Mesh 0 6 5 1 3.73303 10

Mesh 0 6 5 2 2.84171 9

Mesh 0 6 5 3 2.85566 8

Mesh 0 6 5 4 2.5366 7

Mesh 0 6 5 5 2.15544 6

Mesh 0 6 5 6 1.31595 5

Mesh 0 6 6 0 4.08919 12

Mesh 0 6 6 1 3.16695 11

Mesh 0 6 6 2 3.78866 10

Mesh 0 6 6 3 3.91362 9

Mesh 0 6 6 4 2.51696 8

Mesh 0 6 6 5 2.35855 7

Mesh 0 6 6 6 2.33627 6

Mesh 1 0 0 0 0.542194 1

Mesh 1 0 0 1 0.857609 2

Mesh 1 0 0 2 0.838317 3

Mesh 1 0 0 3 1.24108 4

Mesh 1 0 0 4 1.71768 5

Mesh 1 0 0 5 1.99825 6

Mesh 1 0 0 6 2.76622 7

Mesh 1 0 1 1 0.421443 1

Mesh 1 0 1 2 0.962109 2

Mesh 1 0 1 3 1.13867 3

Mesh 1 0 1 4 1.39274 4

Mesh 1 0 1 5 1.80575 5

Mesh 1 0 1 6 1.82544 6

Mesh 1 0 2 0 0.190054 1

Mesh 1 0 2 1 0.911195 2

Mesh 1 0 2 2 1.12135 3

Mesh 1 0 2 3 1.23194 4

Mesh 1 0 2 4 2.06646 5

Mesh 1 0 2 5 1.78326 6

Mesh 1 0 2 6 3.30817 7

Mesh 1 0 3 0 0.723233 2

Mesh 1 0 3 1 1.11526 3

Mesh 1 0 3 2 1.43038 4

Mesh 1 0 3 3 1.6979 5

Mesh 1 0 3 4 1.6113 6

Mesh 1 0 3 5 2.47743 7

Mesh 1 0 3 6 2.59917 8

Mesh 1 0 4 0 0.998274 3

Mesh 1 0 4 1 1.43127 4

Mesh 1 0 4 2 1.63818 5

Mesh 1 0 4 3 2.11342 6

Mesh 1 0 4 4 2.90523 7

Mesh 1 0 4 5 2.83422 8

Mesh 1 0 4 6 3.38562 9

Mesh 1 0 5 0 1.57769 4

Mesh 1 0 5 1 1.74503 5

Mesh 1 0 5 2 2.36195 6

Mesh 1 0 5 3 2.69801 7

Mesh 1 0 5 4 2.60654 8

Mesh 1 0 5 5 2.9652 9

Mesh 1 0 5 6 3.93405 10

Mesh 1 0 6 0 1.9395 5

Mesh 1 0 6 1 2.65068 6

Mesh 1 0 6 2 2.52888 7

Mesh 1 0 6 3 3.25266 8

Mesh 1 0 6 4 3.5548 9

Mesh 1 0 6 5 3.1607 10

Mesh 1 0 6 6 3.24652 11

Mesh 1 1 0 0 0.848807 2

Mesh 1 1 0 1 0.266802 1

Mesh 1 1 0 2 0.744259 2

Mesh 1 1 0 3 1.08866 3

Mesh 1 1 0 4 1.70107 4

Mesh 1 1 0 5 1.79878 5

Mesh 1 1 0 6 1.63222 6

Mesh 1 1 1 0 0.485888 1

Mesh 1 1 1 2 0.287036 1

Mesh 1 1 1 3 0.985674 2

Mesh 1 1 1 4 1.13691 3

Mesh 1 1 1 5 1.40135 4

Mesh 1 1 1 6 1.64606 5

Mesh 1 1 2 0 0.996984 2

Mesh 1 1 2 1 0.592676 1

Mesh 1 1 2 2 0.651684 2

Mesh 1 1 2 3 0.8984 3

Mesh 1 1 2 4 1.28408 4

Mesh 1 1 2 5 1.98051 5

Mesh 1 1 2 6 2.09347 6

Mesh 1 1 3 0 1.31446 3

Mesh 1 1 3 1 0.90575 2

Mesh 1 1 3 2 0.975999 3

Mesh 1 1 3 3 1.69282 4

Mesh 1 1 3 4 2.08557 5

Mesh 1 1 3 5 1.88701 6

Mesh 1 1 3 6 2.8488 7

Mesh 1 1 4 0 1.58905 4

Mesh 1 1 4 1 1.15176 3

Mesh 1 1 4 2 1.40862 4

Mesh 1 1 4 3 1.75068 5

Mesh 1 1 4 4 2.47443 6

Mesh 1 1 4 5 2.75506 7

Mesh 1 1 4 6 2.91311 8

Mesh 1 1 5 0 1.59308 5

Mesh 1 1 5 1 1.4734 4

Mesh 1 1 5 2 2.01731 5

Mesh 1 1 5 3 2.13536 6

Mesh 1 1 5 4 2.59083 7

Mesh 1 1 5 5 3.09511 8

Mesh 1 1 5 6 3.53778 9

Mesh 1 1 6 0 2.13237 6

Mesh 1 1 6 1 1.71535 5

Mesh 1 1 6 2 2.18498 6

Mesh 1 1 6 3 2.64897 7

Mesh 1 1 6 4 3.10743 8

Mesh 1 1 6 5 3.20287 9

Mesh 1 1 6 6 3.40865 10

Mesh 1 2 0 0 1.39399 3

Mesh 1 2 0 1 0.762424 2

Mesh 1 2 0 2 0.345442 1

Mesh 1 2 0 3 0.608197 2

Mesh 1 2 0 4 1.18393 3

Mesh 1 2 0 5 1.61608 4

Mesh 1 2 0 6 1.98105 5

Mesh 1 2 1 0 0.77632 2

Mesh 1 2 1 1 0.402043 1

Mesh 1 2 1 3 0.56079 1

Mesh 1 2 1 4 0.599953 2

Mesh 1 2 1 5 1.06089 3

Mesh 1 2 1 6 1.45731 4

Mesh 1 2 2 0 1.14675 3

Mesh 1 2 2 1 1.0398 2

Mesh 1 2 2 2 0.508033 1

Mesh 1 2 2 3 0.775294 2

Mesh 1 2 2 4 1.1404 3

Mesh 1 2 2 5 1.18314 4

Mesh 1 2 2 6 1.59239 5

Mesh 1 2 3 0 1.36689 4

Mesh 1 2 3 1 1.36998 3

Mesh 1 2 3 2 0.517683 2

Mesh 1 2 3 3 0.982968 3

Mesh 1 2 3 4 1.18 4

Mesh 1 2 3 5 1.54832 5

Mesh 1 2 3 6 2.25674 6

Mesh 1 2 4 0 1.68364 5

Mesh 1 2 4 1 2.01745 4

Mesh 1 2 4 2 0.948175 3

Mesh 1 2 4 3 1.47266 4

Mesh 1 2 4 4 2.22215 5

Mesh 1 2 4 5 2.58288 6

Mesh 1 2 4 6 2.51883 7

Mesh 1 2 5 0 1.71401 6

Mesh 1 2 5 1 2.08048 5

Mesh 1 2 5 2 1.58952 4

Mesh 1 2 5 3 1.71792 5

Mesh 1 2 5 4 2.39673 6

Mesh 1 2 5 5 2.46953 7

Mesh 1 2 5 6 3.09132 8

Mesh 1 2 6 0 2.36038 7

Mesh 1 2 6 1 2.24386 6

Mesh 1 2 6 2 1.83948 5

Mesh 1 2 6 3 2.05217 6

Mesh 1 2 6 4 2.8676 7

Mesh 1 2 6 5 3.01067 8

Mesh 1 2 6 6 3.23893 9

Mesh 1 3 0 0 1.59791 4

Mesh 1 3 0 1 1.66013 3

Mesh 1 3 0 2 0.821718 2

Mesh 1 3 0 3 0.39621 1

Mesh 1 3 0 4 0.849838 2

Mesh 1 3 0 5 1.23591 3

Mesh 1 3 0 6 2.03165 4

Mesh 1 3 1 0 1.16823 3

Mesh 1 3 1 1 0.693644 2

Mesh 1 3 1 2 0.547599 1

Mesh 1 3 1 4 0.41519 1

Mesh 1 3 1 5 0.643382 2

Mesh 1 3 1 6 0.827161 3

Mesh 1 3 2 0 1.43533 4

Mesh 1 3 2 1 1.48075 3

Mesh 1 3 2 2 0.727033 2

Mesh 1 3 2 3 0.156699 1

Mesh 1 3 2 4 0.913619 2

Mesh 1 3 2 5 1.34157 3

Mesh 1 3 2 6 1.39558 4

Mesh 1 3 3 0 1.52086 5

Mesh 1 3 3 1 1.38953 4

Mesh 1 3 3 2 1.15301 3

Mesh 1 3 3 3 0.680525 2

Mesh 1 3 3 4 1.27255 3

Mesh 1 3 3 5 1.39786 4

Mesh 1 3 3 6 1.73306 5

Mesh 1 3 4 0 2.22783 6

Mesh 1 3 4 1 1.76768 5

Mesh 1 3 4 2 1.79603 4

Mesh 1 3 4 3 0.852201 3

Mesh 1 3 4 4 1.53653 4

Mesh 1 3 4 5 2.0593 5

Mesh 1 3 4 6 2.02279 6

Mesh 1 3 5 0 2.98696 7

Mesh 1 3 5 1 2.16206 6

Mesh 1 3 5 2 1.59262 5

Mesh 1 3 5 3 1.93216 4

Mesh 1 3 5 4 1.78791 5

Mesh 1 3 5 5 2.16034 6

Mesh 1 3 5 6 2.25192 7

Mesh 1 3 6 0 2.53621 8

Mesh 1 3 6 1 2.66423 7

Mesh 1 3 6 2 2.36718 6

Mesh 1 3 6 3 1.63965 5

Mesh 1 3 6 4 2.35593 6

Mesh 1 3 6 5 3.07342 7

Mesh 1 3 6 6 3.29664 8

Mesh 1 4 0 0 2.1911 5

Mesh 1 4 0 1 1.67913 4

Mesh 1 4 0 2 0.847121 3

Mesh 1 4 0 3 0.79397 2

Mesh 1 4 0 4 0.294785 1

Mesh 1 4 0 5 0.992578 2

Mesh 1 4 0 6 0.998531 3

Mesh 1 4 1 0 1.73969 4

Mesh 1 4 1 1 1.03554 3

Mesh 1 4 1 2 0.596315 2

Mesh 1 4 1 3 0.461292 1

Mesh 1 4 1 5 0.273772 1

Mesh 1 4 1 6 0.6039 2

Mesh 1 4 2 0 1.36119 5

Mesh 1 4 2 1 1.58799 4

Mesh 1 4 2 2 0.883146 3

Mesh 1 4 2 3 0.499238 2

Mesh 1 4 2 4 0.134488 1

Mesh 1 4 2 5 0.647158 2

Mesh 1 4 2 6 1.13143 3

Mesh 1 4 3 0 2.38007 6

Mesh 1 4 3 1 2.23115 5

Mesh 1 4 3 2 1.48334 4

Mesh 1 4 3 3 1.32197 3

Mesh 1 4 3 4 0.780086 2

Mesh 1 4 3 5 0.747489 3

Mesh 1 4 3 6 1.41731 4

Mesh 1 4 4 0 3.06663 7

Mesh 1 4 4 1 2.19443 6

Mesh 1 4 4 2 1.61213 5

Mesh 1 4 4 3 1.58696 4

Mesh 1 4 4 4 1.04622 3

Mesh 1 4 4 5 1.19165 4

Mesh 1 4 4 6 1.86594 5

Mesh 1 4 5 0 2.42882 8

Mesh 1 4 5 1 2.50554 7

Mesh 1 4 5 2 2.61616 6

Mesh 1 4 5 3 1.93964 5

Mesh 1 4 5 4 1.69406 4

Mesh 1 4 5 5 1.54242 5

Mesh 1 4 5 6 2.66977 6

Mesh 1 4 6 0 3.03683 9

Mesh 1 4 6 1 3.15697 8

Mesh 1 4 6 2 2.7814 7

Mesh 1 4 6 3 2.32467 6

Mesh 1 4 6 4 1.76721 5

Mesh 1 4 6 5 2.06783 6

Mesh 1 4 6 6 2.46513 7

Mesh 1 5 0 0 1.92912 6

Mesh 1 5 0 1 1.474 5

Mesh 1 5 0 2 1.38028 4

Mesh 1 5 0 3 1.08232 3

Mesh 1 5 0 4 0.71334 2

Mesh 1 5 0 5 0.279949 1

Mesh 1 5 0 6 0.585878 2

Mesh 1 5 1 0 1.94833 5

Mesh 1 5 1 1 1.85104 4

Mesh 1 5 1 2 1.17257 3

Mesh 1 5 1 3 0.836786 2

Mesh 1 5 1 4 0.454176 1

Mesh 1 5 1 6 0.377836 1

Mesh 1 5 2 0 2.4616 6

Mesh 1 5 2 1 1.75777 5

Mesh 1 5 2 2 1.84348 4

Mesh 1 5 2 3 1.15195 3

Mesh 1 5 2 4 0.692022 2

Mesh 1 5 2 5 0.390456 1

Mesh 1 5 2 6 0.832323 2

Mesh 1 5 3 0 2.74667 7

Mesh 1 5 3 1 2.0921 6

Mesh 1 5 3 2 1.78385 5

Mesh 1 5 3 3 1.43556 4

Mesh 1 5 3 4 1.22658 3

Mesh 1 5 3 5 0.861788 2

Mesh 1 5 3 6 1.11499 3

Mesh 1 5 4 0 2.65993 8

Mesh 1 5 4 1 2.95952 7

Mesh 1 5 4 2 2.42559 6

Mesh 1 5 4 3 2.08968 5

Mesh 1 5 4 4 1.11316 4

Mesh 1 5 4 5 1.13899 3

Mesh 1 5 4 6 1.4136 4

Mesh 1 5 5 0 3.28799 9

Mesh 1 5 5 1 2.47268 8

Mesh 1 5 5 2 2.29904 7

Mesh 1 5 5 3 1.95203 6

Mesh 1 5 5 4 1.31935 5

Mesh 1 5 5 5 1.87207 4

Mesh 1 5 5 6 1.83569 5

Mesh 1 5 6 0 3.3432 10

Mesh 1 5 6 1 3.20136 9

Mesh 1 5 6 2 3.26298 8

Mesh 1 5 6 3 2.12961 7

Mesh 1 5 6 4 2.24363 6

Mesh 1 5 6 5 1.68903 5

Mesh 1 5 6 6 1.69499 6

Mesh 1 6 0 0 2.32029 7

Mesh 1 6 0 1 2.2193 6

Mesh 1 6 0 2 1.34547 5

Mesh 1 6 0 3 1.48401 4

Mesh 1 6 0 4 0.811569 3

Mesh 1 6 0 5 0.740221 2

Mesh 1 6 0 6 0.269008 1

Mesh 1 6 1 0 2.49695 6

Mesh 1 6 1 1 1.60126 5

Mesh 1 6 1 2 1.84928 4

Mesh 1 6 1 3 1.24581 3

Mesh 1 6 1 4 0.895778 2

Mesh 1 6 1 5 0.297978 1

Mesh 1 6 2 0 2.30635 7

Mesh 1 6 2 1 2.41546 6

Mesh 1 6 2 2 1.60407 5

Mesh 1 6 2 3 1.46304 4

Mesh 1 6 2 4 1.26129 3

Mesh 1 6 2 5 0.557125 2

Mesh 1 6 2 6 0.298733 1

Mesh 1 6 3 0 2.78084 8

Mesh 1 6 3 1 3.12769 7

Mesh 1 6 3 2 2.5592 6

Mesh 1 6 3 3 1.8368 5

Mesh 1 6 3 4 1.2506 4

Mesh 1 6 3 5 1.15833 3

Mesh 1 6 3 6 0.745337 2

Mesh 1 6 4 0 3.2705 9

Mesh 1 6 4 1 2.66162 8

Mesh 1 6 4 2 2.58901 7

Mesh 1 6 4 3 2.86734 6

Mesh 1 6 4 4 1.63343 5

Mesh 1 6 4 5 1.72837 4

Mesh 1 6 4 6 0.961469 3

Mesh 1 6 5 0 4.08079 10

Mesh 1 6 5 1 3.11503 9

Mesh 1 6 5 2 2.63697 8

Mesh 1 6 5 3 2.19081 7

Mesh 1 6 5 4 2.02988 6

Mesh 1 6 5 5 1.96101 5

Mesh 1 6 5 6 1.17178 4

Mesh 1 6 6 0 3.46652 11

Mesh 1 6 6 1 3.5063 10

Mesh 1 6 6 2 3.73727 9

Mesh 1 6 6 3 3.02322 8

Mesh 1 6 6 4 2.51915 7

Mesh 1 6 6 5 2.22733 6

Mesh 1 6 6 6 1.86934 5

Mesh 2 0 0 0 0.592805 2

Mesh 2 0 0 1 1.37941 3

Mesh 2 0 0 2 1.50398 4

Mesh 2 0 0 3 2.0161 5

Mesh 2 0 0 4 2.13477 6

Mesh 2 0 0 5 2.97851 7

Mesh 2 0 0 6 2.47816 8

Mesh 2 0 1 0 0.411756 1

Mesh 2 0 1 1 1.01054 2

Mesh 2 0 1 2 0.895691 3

Mesh 2 0 1 3 1.45011 4

Mesh 2 0 1 4 2.06529 5

Mesh 2 0 1 5 2.50229 6

Mesh 2 0 1 6 2.64239 7

Mesh 2 0 2 1 0.389278 1

Mesh 2 0 2 2 0.870002 2

Mesh 2 0 2 3 0.818405 3

Mesh 2 0 2 4 1.31492 4

Mesh 2 0 2 5 1.78087 5

Mesh 2 0 2 6 2.22318 6

Mesh 2 0 3 0 0.450889 1

Mesh 2 0 3 1 0.919829 2

Mesh 2 0 3 2 0.856136 3

Mesh 2 0 3 3 1.43494 4

Mesh 2 0 3 4 1.95365 5

Mesh 2 0 3 5 2.13409 6

Mesh 2 0 3 6 2.38089 7

Mesh 2 0 4 0 0.896985 2

Mesh 2 0 4 1 1.06073 3

Mesh 2 0 4 2 1.26787 4

Mesh 2 0 4 3 1.27409 5

Mesh 2 0 4 4 1.9274 6

Mesh 2 0 4 5 2.44541 7

Mesh 2 0 4 6 3.28972 8

Mesh 2 0 5 0 0.857323 3

Mesh 2 0 5 1 1.74805 4

Mesh 2 0 5 2 1.87763 5

Mesh 2 0 5 3 2.16693 6

Mesh 2 0 5 4 2.72852 7

Mesh 2 0 5 5 2.59674 8

Mesh 2 0 5 6 2.47838 9

Mesh 2 0 6 0 1.50244 4

Mesh 2 0 6 1 1.81477 5

Mesh 2 0 6 2 2.2946 6

Mesh 2 0 6 3 2.7397 7

Mesh 2 0 6 4 2.89878 8

Mesh 2 0 6 5 2.9345 9

Mesh 2 0 6 6 3.0655 10

Mesh 2 1 0 0 0.895687 3

Mesh 2 1 0 1 0.410081 2

Mesh 2 1 0 2 0.951536 3

Mesh 2 1 0 3 1.19888 4

Mesh 2 1 0 4 1.85443 5

Mesh 2 1 0 5 2.11918 6

Mesh 2 1 0 6 3.00771 7

Mesh 2 1 1 0 0.655566 2

Mesh 2 1 1 1 0.535763 1

Mesh 2 1 1 2 0.753406 2

Mesh 2 1 1 3 1.3514 3

Mesh 2 1 1 4 1.68589 4

Mesh 2 1 1 5 1.81594 5

Mesh 2 1 1 6 2.57635 6

Mesh 2 1 2 0 0.364276 1

Mesh 2 1 2 2 0.48166 1

Mesh 2 1 2 3 0.932802 2

Mesh 2 1 2 4 0.842961 3

Mesh 2 1 2 5 1.87856 4

Mesh 2 1 2 6 2.25437 5

Mesh 2 1 3 0 0.860443 2

Mesh 2 1 3 1 0.363254 1

Mesh 2 1 3 2 0.861538 2

Mesh 2 1 3 3 0.748591 3

Mesh 2 1 3 4 1.39522 4

Mesh 2 1 3 5 2.1134 5

Mesh 2 1 3 6 2.31851 6

Mesh 2 1 4 0 1.21008 3

Mesh 2 1 4 1 0.757586 2

Mesh 2 1 4 2 1.01869 3

Mesh 2 1 4 3 1.41886 4

Mesh 2 1 4 4 2.29318 5

Mesh 2 1 4 5 2.2892 6

Mesh 2 1 4 6 2.3495 7

Mesh 2 1 5 0 1.75581 4

Mesh 2 1 5 1 0.712397 3

Mesh 2 1 5 2 1.65286 4

Mesh 2 1 5 3 1.90667 5

Mesh 2 1 5 4 1.7828 6

Mesh 2 1 5 5 2.5235 7

Mesh 2 1 5 6 3.35303 8

Mesh 2 1 6 0 1.95109 5

Mesh 2 1 6 1 1.45458 4

Mesh 2 1 6 2 1.93472 5

Mesh 2 1 6 3 2.19274 6

Mesh 2 1 6 4 2.14229 7

Mesh 2 1 6 5 2.41275 8

Mesh 2 1 6 6 3.04147 9

Mesh 2 2 0 0 1.42797 4

Mesh 2 2 0 1 1.03376 3

Mesh 2 2 0 2 0.862161 2

Mesh 2 2 0 3 0.920848 3

Mesh 2 2 0 4 1.48651 4

Mesh 2 2 0 5 1.49791 5

Mesh 2 2 0 6 2.22116 6

Mesh 2 2 1 0 0.883516 3

Mesh 2 2 1 1 0.833013 2

Mesh 2 2 1 2 0.39779 1

Mesh 2 2 1 3 0.725343 2

Mesh 2 2 1 4 1.0537 3

Mesh 2 2 1 5 1.58623 4

Mesh 2 2 1 6 1.96123 5

Mesh 2 2 2 0 0.876645 2

Mesh 2 2 2 1 0.447907 1

Mesh 2 2 2 3 0.416855 1

Mesh 2 2 2 4 0.678783 2

Mesh 2 2 2 5 1.01534 3

Mesh 2 2 2 6 1.15977 4

Mesh 2 2 3 0 1.13294 3

Mesh 2 2 3 1 0.537156 2

Mesh 2 2 3 2 0.468907 1

Mesh 2 2 3 3 0.761217 2

Mesh 2 2 3 4 1.42958 3

Mesh 2 2 3 5 1.44429 4

Mesh 2 2 3 6 1.46156 5

Mesh 2 2 4 0 2.02154 4

Mesh 2 2 4 1 0.504303 3

Mesh 2 2 4 2 0.594699 2

Mesh 2 2 4 3 0.865775 3

Mesh 2 2 4 4 1.26128 4

Mesh 2 2 4 5 1.58846 5

Mesh 2 2 4 6 2.32309 6

Mesh 2 2 5 0 1.70922 5

Mesh 2 2 5 1 1.46306 4

Mesh 2 2 5 2 0.780759 3

Mesh 2 2 5 3 1.05654 4

Mesh 2 2 5 4 1.60416 5

Mesh 2 2 5 5 2.02912 6

Mesh 2 2 5 6 2.76351 7

Mesh 2 2 6 0 1.54226 6

Mesh 2 2 6 1 1.53826 5

Mesh 2 2 6 2 1.26494 4

Mesh 2 2 6 3 1.69483 5

Mesh 2 2 6 4 2.37692 6

Mesh 2 2 6 5 2.0907 7

Mesh 2 2 6 6 2.89534 8

Mesh 2 3 0 0 1.99441 5

Mesh 2 3 0 1 1.40109 4

Mesh 2 3 0 2 1.14682 3

Mesh 2 3 0 3 0.83242 2

Mesh 2 3 0 4 1.09626 3

Mesh 2 3 0 5 1.33143 4

Mesh 2 3 0 6 2.28369 5

Mesh 2 3 1 0 1.23099 4

Mesh 2 3 1 1 1.03085 3

Mesh 2 3 1 2 0.457591 2

Mesh 2 3 1 3 0.392897 1

Mesh 2 3 1 4 0.868976 2

Mesh 2 3 1 5 0.814364 3

Mesh 2 3 1 6 1.26377 4

Mesh 2 3 2 0 1.09189 3

Mesh 2 3 2 1 0.575122 2

Mesh 2 3 2 2 0.573018 1

Mesh 2 3 2 4 0.323993 1

Mesh 2 3 2 5 0.759438 2

Mesh 2 3 2 6 1.57465 3

Mesh 2 3 3 0 1.28244 4

Mesh 2 3 3 1 1.21678 3

Mesh 2 3 3 2 0.937892 2

Mesh 2 3 3 3 0.551328 1

Mesh 2 3 3 4 0.762619 2

Mesh 2 3 3 5 1.37036 3

Mesh 2 3 3 6 1.94709 4

Mesh 2 3 4 0 1.66045 5

Mesh 2 3 4 1 1.90907 4

Mesh 2 3 4 2 0.833158 3

Mesh 2 3 4 3 0.883746 2

Mesh 2 3 4 4 1.42549 3

Mesh 2 3 4 5 1.32651 4

Mesh 2 3 4 6 1.58514 5

Mesh 2 3 5 0 1.98518 6

Mesh 2 3 5 1 1.69394 5

Mesh 2 3 5 2 1.33748 4

Mesh 2 3 5 3 1.16292 3

Mesh 2 3 5 4 1.70194 4

Mesh 2 3 5 5 2.06516 5

Mesh 2 3 5 6 2.11622 6

Mesh 2 3 6 0 2.08046 7

Mesh 2 3 6 1 1.83513 6

Mesh 2 3 6 2 1.82217 5

Mesh 2 3 6 3 1.53182 4

Mesh 2 3 6 4 1.76181 5

Mesh 2 3 6 5 1.91329 6

Mesh 2 3 6 6 2.60519 7

Mesh 2 4 0 0 2.16407 6

Mesh 2 4 0 1 1.75178 5

Mesh 2 4 0 2 1.90778 4

Mesh 2 4 0 3 0.765095 3

Mesh 2 4 0 4 0.769876 2

Mesh 2 4 0 5 1.14801 3

Mesh 2 4 0 6 1.42755 4

Mesh 2 4 1 0 1.47033 5

Mesh 2 4 1 1 1.5877 4

Mesh 2 4 1 2 1.13372 3

Mesh 2 4 1 3 0.741537 2

Mesh 2 4 1 4 0.56487 1

Mesh 2 4 1 5 0.950664 2

Mesh 2 4 1 6 0.688798 3

Mesh 2 4 2 0 1.41721 4

Mesh 2 4 2 1 1.32428 3

Mesh 2 4 2 2 0.760356 2

Mesh 2 4 2 3 0.365517 1

Mesh 2 4 2 5 0.535539 1

Mesh 2 4 2 6 0.553451 2

Mesh 2 4 3 0 1.35895 5

Mesh 2 4 3 1 1.60701 4

Mesh 2 4 3 2 1.15162 3

Mesh 2 4 3 3 0.691445 2

Mesh 2 4 3 4 0.466001 1

Mesh 2 4 3 5 0.923606 2

Mesh 2 4 3 6 0.939158 3

Mesh 2 4 4 0 2.22817 6

Mesh 2 4 4 1 1.75619 5

Mesh 2 4 4 2 2.16705 4

Mesh 2 4 4 3 1.11563 3

Mesh 2 4 4 4 0.628678 2

Mesh 2 4 4 5 1.05712 3

Mesh 2 4 4 6 1.45897 4

Mesh 2 4 5 0 2.56041 7

Mesh 2 4 5 1 1.94699 6

Mesh 2 4 5 2 1.73089 5

Mesh 2 4 5 3 1.46537 4

Mesh 2 4 5 4 0.810981 3

Mesh 2 4 5 5 1.52987 4

Mesh 2 4 5 6 1.63241 5

Mesh 2 4 6 0 3.27342 8

Mesh 2 4 6 1 2.32077 7

Mesh 2 4 6 2 2.4212 6

Mesh 2 4 6 3 1.51363 5

Mesh 2 4 6 4 1.58232 4

Mesh 2 4 6 5 2.12844 5

Mesh 2 4 6 6 2.29459 6

Mesh 2 5 0 0 3.09571 7

Mesh 2 5 0 1 1.58981 6

Mesh 2 5 0 2 1.52407 5

Mesh 2 5 0 3 1.30029 4

Mesh 2 5 0 4 1.37975 3

Mesh 2 5 0 5 0.708602 2

Mesh 2 5 0 6 1.30111 3

Mesh 2 5 1 0 2.34818 6

Mesh 2 5 1 1 1.88981 5

Mesh 2 5 1 2 1.30953 4

Mesh 2 5 1 3 1.01423 3

Mesh 2 5 1 4 0.735581 2

Mesh 2 5 1 5 0.658883 1

Mesh 2 5 1 6 0.92719 2

Mesh 2 5 2 0 1.79538 5

Mesh 2 5 2 1 1.57101 4

Mesh 2 5 2 2 1.11138 3

Mesh 2 5 2 3 1.03071 2

Mesh 2 5 2 4 0.334925 1

Mesh 2 5 2 6 0.442337 1

Mesh 2 5 3 0 2.05136 6

Mesh 2 5 3 1 1.90752 5

Mesh 2 5 3 2 1.15546 4

Mesh 2 5 3 3 0.834937 3

Mesh 2 5 3 4 0.625764 2

Mesh 2 5 3 5 0.293804 1

Mesh 2 5 3 6 0.897358 2

Mesh 2 5 4 0 2.39499 7

Mesh 2 5 4 1 1.86966 6

Mesh 2 5 4 2 2.1675 5

Mesh 2 5 4 3 1.28764 4

Mesh 2 5 4 4 1.14879 3

Mesh 2 5 4 5 0.907141 2

Mesh 2 5 4 6 1.01365 3

Mesh 2 5 5 0 2.8552 8

Mesh 2 5 5 1 3.16224 7

Mesh 2 5 5 2 1.84309 6

Mesh 2 5 5 3 2.0674 5

Mesh 2 5 5 4 1.545 4

Mesh 2 5 5 5 1.38586 3

Mesh 2 5 5 6 1.54775 4

Mesh 2 5 6 0 2.88274 9

Mesh 2 5 6 1 2.60076 8

Mesh 2 5 6 2 2.6381 7

Mesh 2 5 6 3 2.61466 6

Mesh 2 5 6 4 1.80004 5

Mesh 2 5 6 5 1.25645 4

Mesh 2 5 6 6 1.78788 5

Mesh 2 6 0 0 2.78296 8

Mesh 2 6 0 1 2.64034 7

Mesh 2 6 0 2 2.21034 6

Mesh 2 6 0 3 1.78304 5

Mesh 2 6 0 4 1.52409 4

Mesh 2 6 0 5 1.09825 3

Mesh 2 6 0 6 0.98493 2

Mesh 2 6 1 0 2.69242 7

Mesh 2 6 1 1 2.15128 6

Mesh 2 6 1 2 1.72098 5

Mesh 2 6 1 3 1.8063 4

Mesh 2 6 1 4 1.42656 3

Mesh 2 6 1 5 0.624331 2

Mesh 2 6 1 6 0.370342 1

Mesh 2 6 2 0 2.27208 6

Mesh 2 6 2 1 1.89179 5

Mesh 2 6 2 2 1.99595 4

Mesh 2 6 2 3 0.842657 3

Mesh 2 6 2 4 1.1166 2

Mesh 2 6 2 5 0.475649 1

Mesh 2 6 3 0 2.46281 7

Mesh 2 6 3 1 1.95018 6

Mesh 2 6 3 2 1.52586 5

Mesh 2 6 3 3 1.64559 4

Mesh 2 6 3 4 1.23865 3

Mesh 2 6 3 5 0.776285 2

Mesh 2 6 3 6 0.635302 1

Mesh 2 6 4 0 2.47533 8

Mesh 2 6 4 1 2.52746 7

Mesh 2 6 4 2 2.33569 6

Mesh 2 6 4 3 1.7072 5

Mesh 2 6 4 4 1.44385 4

Mesh 2 6 4 5 0.899832 3

Mesh 2 6 4 6 0.805073 2

Mesh 2 6 5 0 3.67212 9

Mesh 2 6 5 1 3.06733 8

Mesh 2 6 5 2 2.8555 7

Mesh 2 6 5 3 2.49541 6

Mesh 2 6 5 4 1.69756 5

Mesh 2 6 5 5 1.74776 4

Mesh 2 6 5 6 1.13635 3

Mesh 2 6 6 0 4.45526 10

Mesh 2 6 6 1 2.97987 9

Mesh 2 6 6 2 2.71063 8

Mesh 2 6 6 3 2.64855 7

Mesh 2 6 6 4 2.26728 6

Mesh 2 6 6 5 2.06219 5

Mesh 2 6 6 6 1.50294 4

Mesh 3 0 0 0 1.034 3

Mesh 3 0 0 1 1.25835 4

Mesh 3 0 0 2 1.68307 5

Mesh 3 0 0 3 2.33738 6

Mesh 3 0 0 4 2.92699 7

Mesh 3 0 0 5 2.83376 8

Mesh 3 0 0 6 3.04924 9

Mesh 3 0 1 0 1.02073 2

Mesh 3 0 1 1 1.27497 3

Mesh 3 0 1 2 1.55682 4

Mesh 3 0 1 3 1.70185 5

Mesh 3 0 1 4 1.72463 6

Mesh 3 0 1 5 2.18524 7

Mesh 3 0 1 6 3.30741 8

Mesh 3 0 2 0 0.407402 1

Mesh 3 0 2 1 0.928248 2

Mesh 3 0 2 2 1.11673 3

Mesh 3 0 2 3 1.15993 4

Mesh 3 0 2 4 1.77072 5

Mesh 3 0 2 5 2.36407 6

Mesh 3 0 2 6 2.22188 7

Mesh 3 0 3 1 0.349611 1

Mesh 3 0 3 2 0.708214 2

Mesh 3 0 3 3 0.839418 3

Mesh 3 0 3 4 2.07275 4

Mesh 3 0 3 5 1.9846 5

Mesh 3 0 3 6 2.13534 6

Mesh 3 0 4 0 0.518875 1

Mesh 3 0 4 1 0.959933 2

Mesh 3 0 4 2 1.27815 3

Mesh 3 0 4 3 1.63113 4

Mesh 3 0 4 4 1.66695 5

Mesh 3 0 4 5 1.74534 6

Mesh 3 0 4 6 2.81354 7

Mesh 3 0 5 0 0.594701 2

Mesh 3 0 5 1 0.906794 3

Mesh 3 0 5 2 1.24053 4

Mesh 3 0 5 3 1.66386 5

Mesh 3 0 5 4 2.04206 6

Mesh 3 0 5 5 2.57125 7

Mesh 3 0 5 6 3.05914 8

Mesh 3 0 6 0 1.29528 3

Mesh 3 0 6 1 1.3434 4

Mesh 3 0 6 2 1.31184 5

Mesh 3 0 6 3 2.27704 6

Mesh 3 0 6 4 2.32617 7

Mesh 3 0 6 5 2.96805 8

Mesh 3 0 6 6 3.01083 9

Mesh 3 1 0 0 1.65862 4

Mesh 3 1 0 1 1.04667 3

Mesh 3 1 0 2 1.42057 4

Mesh 3 1 0 3 1.53098 5

Mesh 3 1 0 4 1.96415 6

Mesh 3 1 0 5 2.71999 7

Mesh 3 1 0 6 3.04172 8

Mesh 3 1 1 0 0.994831 3

Mesh 3 1 1 1 0.680883 2

Mesh 3 1 1 2 0.70988 3

Mesh 3 1 1 3 1.76453 4

Mesh 3 1 1 4 2.0254 5

Mesh 3 1 1 5 2.34349 6

Mesh 3 1 1 6 2.64821 7

Mesh 3 1 2 0 0.754289 2

Mesh 3 1 2 1 0.30595 1

Mesh 3 1 2 2 0.8295 2

Mesh 3 1 2 3 1.71674 3

Mesh 3 1 2 4 1.37641 4

Mesh 3 1 2 5 1.66026 5

Mesh 3 1 2 6 2.47289 6

Mesh 3 1 3 0 0.50867 1

Mesh 3 1 3 2 0.356851 1

Mesh 3 1 3 3 1.17817 2

Mesh 3 1 3 4 1.23976 3

Mesh 3 1 3 5 1.23229 4

Mesh 3 1 3 6 1.75232 5

Mesh 3 1 4 0 0.846588 2

Mesh 3 1 4 1 0.469559 1

Mesh 3 1 4 2 0.891358 2

Mesh 3 1 4 3 1.18274 3

Mesh 3 1 4 4 1.78276 4

Mesh 3 1 4 5 1.7551 5

Mesh 3 1 4 6 2.29293 6

Mesh 3 1 5 0 1.32769 3

Mesh 3 1 5 1 0.990016 2

Mesh 3 1 5 2 0.866295 3

Mesh 3 1 5 3 1.40417 4

Mesh 3 1 5 4 1.48769 5

Mesh 3 1 5 5 2.40074 6

Mesh 3 1 5 6 2.74296 7

Mesh 3 1 6 0 1.14957 4

Mesh 3 1 6 1 0.998321 3

Mesh 3 1 6 2 1.52661 4

Mesh 3 1 6 3 1.76552 5

Mesh 3 1 6 4 2.0909 6

Mesh 3 1 6 5 2.71995 7

Mesh 3 1 6 6 2.70343 8

Mesh 3 2 0 0 1.62117 5

Mesh 3 2 0 1 1.74778 4

Mesh 3 2 0 2 0.857323 3

Mesh 3 2 0 3 1.65387 4

Mesh 3 2 0 4 1.81227 5

Mesh 3 2 0 5 2.18304 6

Mesh 3 2 0 6 2.74625 7

Mesh 3 2 1 0 1.38253 4

Mesh 3 2 1 1 1.25219 3

Mesh 3 2 1 2 0.778827 2

Mesh 3 2 1 3 1.16755 3

Mesh 3 2 1 4 1.46136 4

Mesh 3 2 1 5 1.86018 5

Mesh 3 2 1 6 1.88665 6

Mesh 3 2 2 0 1.09717 3

Mesh 3 2 2 1 0.816819 2

Mesh 3 2 2 2 0.410455 1

Mesh 3 2 2 3 0.83924 2

Mesh 3 2 2 4 0.954583 3

Mesh 3 2 2 5 1.4458 4

Mesh 3 2 2 6 1.95933 5

Mesh 3 2 3 0 0.878848 2

Mesh 3 2 3 1 0.403335 1

Mesh 3 2 3 3 0.426184 1

Mesh 3 2 3 4 0.906607 2

Mesh 3 2 3 5 0.849779 3

Mesh 3 2 3 6 1.62867 4

Mesh 3 2 4 0 1.48919 3

Mesh 3 2 4 1 0.599527 2

Mesh 3 2 4 2 0.644214 1

Mesh 3 2 4 3 0.998333 2

Mesh 3 2 4 4 1.35769 3

Mesh 3 2 4 5 1.49849 4

Mesh 3 2 4 6 1.86996 5

Mesh 3 2 5 0 1.10046 4

Mesh 3 2 5 1 1.04046 3

Mesh 3 2 5 2 0.629762 2

Mesh 3 2 5 3 0.972049 3

Mesh 3 2 5 4 1.56466 4

Mesh 3 2 5 5 2.05366 5

Mesh 3 2 5 6 2.30667 6

Mesh 3 2 6 0 1.85793 5

Mesh 3 2 6 1 1.60856 4

Mesh 3 2 6 2 1.4022 3

Mesh 3 2 6 3 1.24789 4

Mesh 3 2 6 4 1.83973 5

Mesh 3 2 6 5 2.26072 6

Mesh 3 2 6 6 2.48729 7

Mesh 3 3 0 0 2.16858 6

Mesh 3 3 0 1 2.00077 5

Mesh 3 3 0 2 1.53354 4

Mesh 3 3 0 3 1.24404 3

Mesh 3 3 0 4 1.53417 4

Mesh 3 3 0 5 1.78743 5

Mesh 3 3 0 6 2.26587 6

Mesh 3 3 1 0 2.13553 5

Mesh 3 3 1 1 1.30793 4

Mesh 3 3 1 2 1.05198 3

Mesh 3 3 1 3 0.690164 2

Mesh 3 3 1 4 1.23636 3

Mesh 3 3 1 5 1.34771 4

Mesh 3 3 1 6 1.92695 5

Mesh 3 3 2 0 1.31706 4

Mesh 3 3 2 1 1.67037 3

Mesh 3 3 2 2 0.702287 2

Mesh 3 3 2 3 0.585623 1

Mesh 3 3 2 4 0.823578 2

Mesh 3 3 2 5 1.56229 3

Mesh 3 3 2 6 1.20251 4

Mesh 3 3 3 0 1.46447 3

Mesh 3 3 3 1 0.533039 2

Mesh 3 3 3 2 0.39017 1

Mesh 3 3 3 4 0.587254 1

Mesh 3 3 3 5 0.984497 2

Mesh 3 3 3 6 1.01062 3

Mesh 3 3 4 0 1.74497 4

Mesh 3 3 4 1 1.16793 3

Mesh 3 3 4 2 0.794532 2

Mesh 3 3 4 3 0.379117 1

Mesh 3 3 4 4 0.494908 2

Mesh 3 3 4 5 1.04413 3

Mesh 3 3 4 6 1.36414 4

Mesh 3 3 5 0 2.34512 5

Mesh 3 3 5 1 1.41744 4

Mesh 3 3 5 2 1.31095 3

Mesh 3 3 5 3 0.967986 2

Mesh 3 3 5 4 0.726572 3

Mesh 3 3 5 5 1.88344 4

Mesh 3 3 5 6 1.56868 5

Mesh 3 3 6 0 2.36381 6

Mesh 3 3 6 1 1.88346 5

Mesh 3 3 6 2 1.41221 4

Mesh 3 3 6 3 0.798061 3

Mesh 3 3 6 4 1.66487 4

Mesh 3 3 6 5 1.84873 5

Mesh 3 3 6 6 2.24217 6

Mesh 3 4 0 0 2.18277 7

Mesh 3 4 0 1 1.97814 6

Mesh 3 4 0 2 1.86201 5

Mesh 3 4 0 3 1.24172 4

Mesh 3 4 0 4 1.42831 3

Mesh 3 4 0 5 1.38835 4

Mesh 3 4 0 6 1.52487 5

Mesh 3 4 1 0 1.86056 6

Mesh 3 4 1 1 1.6817 5

Mesh 3 4 1 2 1.60193 4

Mesh 3 4 1 3 1.18926 3

Mesh 3 4 1 4 0.798245 2

Mesh 3 4 1 5 0.997842 3

Mesh 3 4 1 6 1.10873 4

Mesh 3 4 2 0 1.72253 5

Mesh 3 4 2 1 1.28351 4

Mesh 3 4 2 2 1.05398 3

Mesh 3 4 2 3 0.778228 2

Mesh 3 4 2 4 0.209377 1

Mesh 3 4 2 5 0.641217 2

Mesh 3 4 2 6 0.883548 3

Mesh 3 4 3 0 1.42461 4

Mesh 3 4 3 1 0.931322 3

Mesh 3 4 3 2 0.437092 2

Mesh 3 4 3 3 0.391911 1

Mesh 3 4 3 5 0.554255 1

Mesh 3 4 3 6 0.647991 2

Mesh 3 4 4 0 1.5251 5

Mesh 3 4 4 1 1.29641 4

Mesh 3 4 4 2 1.03339 3

Mesh 3 4 4 3 0.856706 2

Mesh 3 4 4 4 0.363618 1

Mesh 3 4 4 5 0.655159 2

Mesh 3 4 4 6 0.715916 3

Mesh 3 4 5 0 2.42555 6

Mesh 3 4 5 1 1.627 5

Mesh 3 4 5 2 1.4489 4

Mesh 3 4 5 3 1.25374 3

Mesh 3 4 5 4 0.887153 2

Mesh 3 4 5 5 1.21151 3

Mesh 3 4 5 6 1.39647 4

Mesh 3 4 6 0 2.9349 7

Mesh 3 4 6 1 1.46272 6

Mesh 3 4 6 2 1.74734 5

Mesh 3 4 6 3 1.81783 4

Mesh 3 4 6 4 0.835685 3

Mesh 3 4 6 5 1.22061 4

Mesh 3 4 6 6 1.96587 5

Mesh 3 5 0 0 2.85198 8

Mesh 3 5 0 1 2.38067 7

Mesh 3 5 0 2 2.0458 6

Mesh 3 5 0 3 2.06593 5

Mesh 3 5 0 4 1.58932 4

Mesh 3 5 0 5 1.24329 3

Mesh 3 5 0 6 1.07171 4

Mesh 3 5 1 0 2.66485 7

Mesh 3 5 1 1 1.63575 6

Mesh 3 5 1 2 1.3941 5

Mesh 3 5 1 3 1.68426 4

Mesh 3 5 1 4 1.0296 3

Mesh 3 5 1 5 0.911317 2

Mesh 3 5 1 6 1.33241 3

Mesh 3 5 2 0 2.1122 6

Mesh 3 5 2 1 1.98955 5

Mesh 3 5 2 2 1.27431 4

Mesh 3 5 2 3 1.1362 3

Mesh 3 5 2 4 0.791371 2

Mesh 3 5 2 5 0.287523 1

Mesh 3 5 2 6 0.65522 2

Mesh 3 5 3 0 1.70463 5

Mesh 3 5 3 1 1.53629 4

Mesh 3 5 3 2 1.25092 3

Mesh 3 5 3 3 0.885395 2

Mesh 3 5 3 4 0.502691 1

Mesh 3 5 3 6 0.66834 1

Mesh 3 5 4 0 2.22376 6

Mesh 3 5 4 1 1.48667 5

Mesh 3 5 4 2 1.25151 4

Mesh 3 5 4 3 1.26748 3

Mesh 3 5 4 4 0.794504 2

Mesh 3 5 4 5 0.622286 1

Mesh 3 5 4 6 0.591124 2

Mesh 3 5 5 0 2.71957 7

Mesh 3 5 5 1 1.77425 6

Mesh 3 5 5 2 1.82927 5

Mesh 3 5 5 3 0.875434 4

Mesh 3 5 5 4 1.23208 3

Mesh 3 5 5 5 0.626158 2

Mesh 3 5 5 6 1.32373 3

Mesh 3 5 6 0 2.74158 8

Mesh 3 5 6 1 2.60328 7

Mesh 3 5 6 2 2.14053 6

Mesh 3 5 6 3 1.8384 5

Mesh 3 5 6 4 1.69348 4

Mesh 3 5 6 5 1.04418 3

Mesh 3 5 6 6 1.56166 4

Mesh 3 6 0 0 3.36831 9

Mesh 3 6 0 1 2.53791 8

Mesh 3 6 0 2 2.6248 7

Mesh 3 6 0 3 2.19206 6

Mesh 3 6 0 4 1.97092 5

Mesh 3 6 0 5 1.06959 4

Mesh 3 6 0 6 0.965089 3

Mesh 3 6 1 0 2.50538 8

Mesh 3 6 1 1 2.67617 7

Mesh 3 6 1 2 2.26282 6

Mesh 3 6 1 3 1.70306 5

Mesh 3 6 1 4 1.30053 4

Mesh 3 6 1 5 1.11117 3

Mesh 3 6 1 6 0.921071 2

Mesh 3 6 2 0 2.45346 7

Mesh 3 6 2 1 2.18035 6

Mesh 3 6 2 2 1.75383 5

Mesh 3 6 2 3 1.47353 4

Mesh 3 6 2 4 1.11321 3

Mesh 3 6 2 5 0.665514 2

Mesh 3 6 2 6 0.41802 1

Mesh 3 6 3 0 2.63403 6

Mesh 3 6 3 1 1.56637 5

Mesh 3 6 3 2 1.02915 4

Mesh 3 6 3 3 1.20896 3

Mesh 3 6 3 4 0.940393 2

Mesh 3 6 3 5 0.372561 1

Mesh 3 6 4 0 2.63721 7

Mesh 3 6 4 1 2.71725 6

Mesh 3 6 4 2 1.62418 5

Mesh 3 6 4 3 1.59888 4

Mesh 3 6 4 4 0.902924 3

Mesh 3 6 4 5 0.744401 2

Mesh 3 6 4 6 0.293474 1

Mesh 3 6 5 0 3.13845 8

Mesh 3 6 5 1 2.56582 7

Mesh 3 6 5 2 1.79382 6

Mesh 3 6 5 3 2.2153 5

Mesh 3 6 5 4 1.53787 4

Mesh 3 6 5 5 1.33098 3

Mesh 3 6 5 6 0.914956 2

Mesh 3 6 6 0 3.49236 9

Mesh 3 6 6 1 3.22841 8

Mesh 3 6 6 2 2.73211 7

Mesh 3 6 6 3 2.07256 6

Mesh 3 6 6 4 1.46047 5

Mesh 3 6 6 5 1.37667 4

Mesh 3 6 6 6 1.41686 3

Mesh 4 0 0 0 1.88254 4

Mesh 4 0 0 1 2.07456 5

Mesh 4 0 0 2 2.03674 6

Mesh 4 0 0 3 2.92679 7

Mesh 4 0 0 4 3.01312 8

Mesh 4 0 0 5 3.21532 9

Mesh 4 0 0 6 3.05059 10

Mesh 4 0 1 0 0.825897 3

Mesh 4 0 1 1 1.52193 4

Mesh 4 0 1 2 1.7127 5

Mesh 4 0 1 3 2.5042 6

Mesh 4 0 1 4 2.44099 7

Mesh 4 0 1 5 2.80682 8

Mesh 4 0 1 6 3.3324 9

Mesh 4 0 2 0 0.761887 2

Mesh 4 0 2 1 0.979079 3

Mesh 4 0 2 2 1.87506 4

Mesh 4 0 2 3 1.74715 5

Mesh 4 0 2 4 2.88351 6

Mesh 4 0 2 5 2.60787 7

Mesh 4 0 2 6 3.14704 8

Mesh 4 0 3 0 0.637552 1

Mesh 4 0 3 1 0.771919 2

Mesh 4 0 3 2 1.10391 3

Mesh 4 0 3 3 1.37981 4

Mesh 4 0 3 4 1.97049 5

Mesh 4 0 3 5 1.68313 6

Mesh 4 0 3 6 2.9727 7

Mesh 4 0 4 1 0.40672 1

Mesh 4 0 4 2 0.706286 2

Mesh 4 0 4 3 1.54276 3

Mesh 4 0 4 4 1.42929 4

Mesh 4 0 4 5 1.95462 5

Mesh 4 0 4 6 2.28945 6

Mesh 4 0 5 0 0.41915 1

Mesh 4 0 5 1 0.96606 2

Mesh 4 0 5 2 1.03635 3

Mesh 4 0 5 3 1.49233 4

Mesh 4 0 5 4 1.47374 5

Mesh 4 0 5 5 2.20205 6

Mesh 4 0 5 6 2.76795 7

Mesh 4 0 6 0 0.712429 2

Mesh 4 0 6 1 0.96574 3

Mesh 4 0 6 2 1.48785 4

Mesh 4 0 6 3 2.03311 5

Mesh 4 0 6 4 1.69056 6

Mesh 4 0 6 5 2.59958 7

Mesh 4 0 6 6 3.80466 8

Mesh 4 1 0 0 1.56814 5

Mesh 4 1 0 1 1.3211 4

Mesh 4 1 0 2 1.84173 5

Mesh 4 1 0 3 2.08896 6

Mesh 4 1 0 4 2.45919 7

Mesh 4 1 0 5 2.97302 8

Mesh 4 1 0 6 3.06437 9

Mesh 4 1 1 0 1.34997 4

Mesh 4 1 1 1 1.37248 3

Mesh 4 1 1 2 1.41552 4

Mesh 4 1 1 3 1.74753 5

Mesh 4 1 1 4 2.42143 6

Mesh 4 1 1 5 2.95349 7

Mesh 4 1 1 6 2.83039 8

Mesh 4 1 2 0 1.09012 3

Mesh 4 1 2 1 0.765506 2

Mesh 4 1 2 2 1.09754 3

Mesh 4 1 2 3 1.52857 4

Mesh 4 1 2 4 1.4824 5

Mesh 4 1 2 5 2.2554 6

Mesh 4 1 2 6 2.2016 7

Mesh 4 1 3 0 0.745054 2

Mesh 4 1 3 1 0.47747 1

Mesh 4 1 3 2 0.905435 2

Mesh 4 1 3 3 0.926438 3

Mesh 4 1 3 4 1.45656 4

Mesh 4 1 3 5 1.7978 5

Mesh 4 1 3 6 1.72562 6

Mesh 4 1 4 0 0.587289 1

Mesh 4 1 4 2 0.431961 1

Mesh 4 1 4 3 0.804768 2

Mesh 4 1 4 4 1.41938 3

Mesh 4 1 4 5 1.64929 4

Mesh 4 1 4 6 1.74676 5

Mesh 4 1 5 0 0.526594 2

Mesh 4 1 5 1 0.394673 1

Mesh 4 1 5 2 0.954322 2

Mesh 4 1 5 3 1.21993 3

Mesh 4 1 5 4 1.80449 4

Mesh 4 1 5 5 1.72901 5

Mesh 4 1 5 6 2.18088 6

Mesh 4 1 6 0 1.03793 3

Mesh 4 1 6 1 0.701235 2

Mesh 4 1 6 2 1.27673 3

Mesh 4 1 6 3 1.69234 4

Mesh 4 1 6 4 1.58703 5

Mesh 4 1 6 5 2.20492 6

Mesh 4 1 6 6 2.64543 7

Mesh 4 2 0 0 2.30177 6

Mesh 4 2 0 1 1.79873 5

Mesh 4 2 0 2 1.55327 4

Mesh 4 2 0 3 1.93107 5

Mesh 4 2 0 4 1.47058 6

Mesh 4 2 0 5 1.97486 7

Mesh 4 2 0 6 3.02624 8

Mesh 4 2 1 0 2.00221 5

Mesh 4 2 1 1 1.18119 4

Mesh 4 2 1 2 1.15133 3

Mesh 4 2 1 3 1.42253 4

Mesh 4 2 1 4 1.7472 5

Mesh 4 2 1 5 2.44536 6

Mesh 4 2 1 6 2.83967 7

Mesh 4 2 2 0 1.09004 4

Mesh 4 2 2 1 1.00401 3

Mesh 4 2 2 2 0.882893 2

Mesh 4 2 2 3 0.898362 3

Mesh 4 2 2 4 1.84691 4

Mesh 4 2 2 5 2.54317 5

Mesh 4 2 2 6 2.36015 6

Mesh 4 2 3 0 1.13667 3

Mesh 4 2 3 1 0.820422 2

Mesh 4 2 3 2 0.398519 1

Mesh 4 2 3 3 0.851522 2

Mesh 4 2 3 4 1.364 3

Mesh 4 2 3 5 1.0261 4

Mesh 4 2 3 6 1.57057 5

Mesh 4 2 4 0 0.637442 2

Mesh 4 2 4 1 0.521173 1

Mesh 4 2 4 3 0.39346 1

Mesh 4 2 4 4 0.611128 2

Mesh 4 2 4 5 0.871487 3

Mesh 4 2 4 6 1.77075 4

Mesh 4 2 5 0 0.885182 3

Mesh 4 2 5 1 0.606429 2

Mesh 4 2 5 2 0.41572 1

Mesh 4 2 5 3 0.767768 2

Mesh 4 2 5 4 1.08925 3

Mesh 4 2 5 5 1.12215 4

Mesh 4 2 5 6 1.43114 5

Mesh 4 2 6 0 1.23609 4

Mesh 4 2 6 1 1.46077 3

Mesh 4 2 6 2 0.788817 2

Mesh 4 2 6 3 1.28398 3

Mesh 4 2 6 4 1.49164 4

Mesh 4 2 6 5 1.57156 5

Mesh 4 2 6 6 2.22387 6

Mesh 4 3 0 0 2.09294 7

Mesh 4 3 0 1 2.48759 6

Mesh 4 3 0 2 1.67811 5

Mesh 4 3 0 3 1.05302 4

Mesh 4 3 0 4 1.60343 5

Mesh 4 3 0 5 1.97067 6

Mesh 4 3 0 6 2.53559 7

Mesh 4 3 1 0 1.99547 6

Mesh 4 3 1 1 1.6685 5

Mesh 4 3 1 2 1.42735 4

Mesh 4 3 1 3 1.2636 3

Mesh 4 3 1 4 1.49197 4

Mesh 4 3 1 5 1.97311 5

Mesh 4 3 1 6 1.83894 6

Mesh 4 3 2 0 1.7439 5

Mesh 4 3 2 1 1.96273 4

Mesh 4 3 2 2 1.09366 3

Mesh 4 3 2 3 0.842939 2

Mesh 4 3 2 4 1.16921 3

Mesh 4 3 2 5 1.33591 4

Mesh 4 3 2 6 2.16223 5

Mesh 4 3 3 0 1.23236 4

Mesh 4 3 3 1 1.00659 3

Mesh 4 3 3 2 0.891167 2

Mesh 4 3 3 3 0.3039 1

Mesh 4 3 3 4 0.80584 2

Mesh 4 3 3 5 0.820151 3

Mesh 4 3 3 6 1.7262 4

Mesh 4 3 4 0 1.33383 3

Mesh 4 3 4 1 1.14368 2

Mesh 4 3 4 2 0.576358 1

Mesh 4 3 4 4 0.720305 1

Mesh 4 3 4 5 0.811155 2

Mesh 4 3 4 6 1.23656 3

Mesh 4 3 5 0 1.53548 4

Mesh 4 3 5 1 0.991229 3

Mesh 4 3 5 2 0.656679 2

Mesh 4 3 5 3 0.518365 1

Mesh 4 3 5 4 0.916959 2

Mesh 4 3 5 5 1.17861 3

Mesh 4 3 5 6 1.5563 4

Mesh 4 3 6 0 1.71364 5

Mesh 4 3 6 1 1.89031 4

Mesh 4 3 6 2 1.28977 3

Mesh 4 3 6 3 0.473982 2

Mesh 4 3 6 4 1.05592 3

Mesh 4 3 6 5 1.26926 4

Mesh 4 3 6 6 1.45337 5

Mesh 4 4 0 0 2.98633 8

Mesh 4 4 0 1 2.53602 7

Mesh 4 4 0 2 2.04348 6

Mesh 4 4 0 3 1.91143 5

Mesh 4 4 0 4 1.31694 4

Mesh 4 4 0 5 1.92689 5

Mesh 4 4 0 6 2.08862 6

Mesh 4 4 1 0 2.37239 7

Mesh 4 4 1 1 2.18157 6

Mesh 4 4 1 2 1.51563 5

Mesh 4 4 1 3 1.31197 4

Mesh 4 4 1 4 1.28366 3

Mesh 4 4 1 5 1.36026 4

Mesh 4 4 1 6 1.9341 5

Mesh 4 4 2 0 2.43809 6

Mesh 4 4 2 1 2.02496 5

Mesh 4 4 2 2 1.82699 4

Mesh 4 4 2 3 1.11727 3

Mesh 4 4 2 4 0.854743 2

Mesh 4 4 2 5 1.55109 3

Mesh 4 4 2 6 1.44981 4

Mesh 4 4 3 0 1.66466 5

Mesh 4 4 3 1 1.47421 4

Mesh 4 4 3 2 0.949866 3

Mesh 4 4 3 3 0.817197 2

Mesh 4 4 3 4 0.504919 1

Mesh 4 4 3 5 0.515909 2

Mesh 4 4 3 6 1.23781 3

Mesh 4 4 4 0 1.40621 4

Mesh 4 4 4 1 1.16349 3

Mesh 4 4 4 2 0.837396 2

Mesh 4 4 4 3 0.365959 1

Mesh 4 4 4 5 0.398033 1

Mesh 4 4 4 6 0.836115 2

Mesh 4 4 5 0 1.58531 5

Mesh 4 4 5 1 1.53667 4

Mesh 4 4 5 2 0.796277 3

Mesh 4 4 5 3 0.683131 2

Mesh 4 4 5 4 0.333266 1

Mesh 4 4 5 5 1.20675 2

Mesh 4 4 5 6 1.40007 3

Mesh 4 4 6 0 1.95962 6

Mesh 4 4 6 1 1.69016 5

Mesh 4 4 6 2 1.40158 4

Mesh 4 4 6 3 1.21141 3

Mesh 4 4 6 4 0.615537 2

Mesh 4 4 6 5 0.867745 3

Mesh 4 4 6 6 1.1647 4

Mesh 4 5 0 0 2.56555 9

Mesh 4 5 0 1 2.87506 8

Mesh 4 5 0 2 2.71612 7

Mesh 4 5 0 3 2.32774 6

Mesh 4 5 0 4 1.96651 5

Mesh 4 5 0 5 1.03894 4

Mesh 4 5 0 6 1.26659 5

Mesh 4 5 1 0 3.26728 8

Mesh 4 5 1 1 2.09391 7

Mesh 4 5 1 2 2.26511 6

Mesh 4 5 1 3 1.36018 5

Mesh 4 5 1 4 1.32523 4

Mesh 4 5 1 5 1.13559 3

Mesh 4 5 1 6 1.43544 4

Mesh 4 5 2 0 2.07122 7

Mesh 4 5 2 1 1.99893 6

Mesh 4 5 2 2 1.68006 5

Mesh 4 5 2 3 1.30813 4

Mesh 4 5 2 4 1.03416 3

Mesh 4 5 2 5 0.840584 2

Mesh 4 5 2 6 1.04191 3

Mesh 4 5 3 0 1.97941 6

Mesh 4 5 3 1 1.49147 5

Mesh 4 5 3 2 1.55536 4

Mesh 4 5 3 3 1.34945 3

Mesh 4 5 3 4 0.71263 2

Mesh 4 5 3 5 0.639701 1

Mesh 4 5 3 6 0.809849 2

Mesh 4 5 4 0 1.78074 5

Mesh 4 5 4 1 1.28869 4

Mesh 4 5 4 2 1.43257 3

Mesh 4 5 4 3 0.851868 2

Mesh 4 5 4 4 0.199655 1

Mesh 4 5 4 6 0.243546 1

Mesh 4 5 5 0 2.06768 6

Mesh 4 5 5 1 1.18601 5

Mesh 4 5 5 2 1.47663 4

Mesh 4 5 5 3 1.43786 3

Mesh 4 5 5 4 0.887852 2

Mesh 4 5 5 5 0.488911 1

Mesh 4 5 5 6 0.690026 2

Mesh 4 5 6 0 2.26435 7

Mesh 4 5 6 1 2.20053 6

Mesh 4 5 6 2 2.08448 5

Mesh 4 5 6 3 0.909918 4

Mesh 4 5 6 4 0.88042 3

Mesh 4 5 6 5 0.778749 2

Mesh 4 5 6 6 1.33579 3

Mesh 4 6 0 0 3.29966 10

Mesh 4 6 0 1 3.46615 9

Mesh 4 6 0 2 2.78286 8

Mesh 4 6 0 3 2.34196 7

Mesh 4 6 0 4 1.88638 6

Mesh 4 6 0 5 1.30365 5

Mesh 4 6 0 6 1.82204 4

Mesh 4 6 1 0 2.89504 9

Mesh 4 6 1 1 2.94051 8

Mesh 4 6 1 2 2.50081 7

Mesh 4 6 1 3 1.77043 6

Mesh 4 6 1 4 1.86701 5

Mesh 4 6 1 5 1.08288 4

Mesh 4 6 1 6 0.787561 3

Mesh 4 6 2 0 3.27291 8

Mesh 4 6 2 1 2.89567 7

Mesh 4 6 2 2 2.38248 6

Mesh 4 6 2 3 1.98605 5

Mesh 4 6 2 4 1.83175 4

Mesh 4 6 2 5 1.45673 3

Mesh 4 6 2 6 1.14018 2

Mesh 4 6 3 0 2.04373 7

Mesh 4 6 3 1 1.80069 6

Mesh 4 6 3 2 1.77336 5

Mesh 4 6 3 3 1.23538 4

Mesh 4 6 3 4 1.07101 3

Mesh 4 6 3 5 0.648517 2

Mesh 4 6 3 6 0.394257 1

Mesh 4 6 4 0 1.79814 6

Mesh 4 6 4 1 1.44528 5

Mesh 4 6 4 2 1.23587 4

Mesh 4 6 4 3 1.29466 3

Mesh 4 6 4 4 0.834041 2

Mesh 4 6 4 5 0.535694 1

Mesh 4 6 5 0 2.53848 7

Mesh 4 6 5 1 2.16435 6

Mesh 4 6 5 2 1.72176 5

Mesh 4 6 5 3 1.18167 4

Mesh 4 6 5 4 1.04557 3

Mesh 4 6 5 5 0.724844 2

Mesh 4 6 5 6 0.495695 1

Mesh 4 6 6 0 2.79651 8

Mesh 4 6 6 1 2.17438 7

Mesh 4 6 6 2 2.2467 6

Mesh 4 6 6 3 1.63531 5

Mesh 4 6 6 4 1.32055 4

Mesh 4 6 6 5 1.13037 3

Mesh 4 6 6 6 0.665389 2

Mesh 5 0 0 0 1.5817 5

Mesh 5 0 0 1 1.78789 6

Mesh 5 0 0 2 1.8512 7

Mesh 5 0 0 3 3.05895 8

Mesh 5 0 0 4 3.43421 9

Mesh 5 0 0 5 3.4468 10

Mesh 5 0 0 6 3.79211 11

Mesh 5 0 1 0 1.5373 4

Mesh 5 0 1 1 2.18517 5

Mesh 5 0 1 2 2.66915 6

Mesh 5 0 1 3 2.2869 7

Mesh 5 0 1 4 2.84489 8

Mesh 5 0 1 5 2.52557 9

Mesh 5 0 1 6 4.04894 10

Mesh 5 0 2 0 1.01067 3

Mesh 5 0 2 1 1.42637 4

Mesh 5 0 2 2 1.76046 5

Mesh 5 0 2 3 1.96255 6

Mesh 5 0 2 4 2.20075 7

Mesh 5 0 2 5 3.04879 8

Mesh 5 0 2 6 2.85561 9

Mesh 5 0 3 0 0.647911 2

Mesh 5 0 3 1 1.31044 3

Mesh 5 0 3 2 1.76403 4

Mesh 5 0 3 3 1.95921 5

Mesh 5 0 3 4 2.79046 6

Mesh 5 0 3 5 2.44896 7

Mesh 5 0 3 6 3.10491 8

Mesh 5 0 4 0 0.324482 1

Mesh 5 0 4 1 0.68558 2

Mesh 5 0 4 2 1.21268 3

Mesh 5 0 4 3 1.39589 4

Mesh 5 0 4 4 1.64809 5

Mesh 5 0 4 5 2.29331 6

Mesh 5 0 4 6 2.34443 7

Mesh 5 0 5 1 0.395996 1

Mesh 5 0 5 2 0.778626 2

Mesh 5 0 5 3 0.968831 3

Mesh 5 0 5 4 1.21366 4

Mesh 5 0 5 5 1.48932 5

Mesh 5 0 5 6 2.20502 6

Mesh 5 0 6 0 0.29774 1

Mesh 5 0 6 1 0.792941 2

Mesh 5 0 6 2 1.08773 3

Mesh 5 0 6 3 1.51979 4

Mesh 5 0 6 4 1.47342 5

Mesh 5 0 6 5 2.03225 6

Mesh 5 0 6 6 2.47679 7

Mesh 5 1 0 0 2.38087 6

Mesh 5 1 0 1 1.76321 5

Mesh 5 1 0 2 1.90278 6

Mesh 5 1 0 3 3.10246 7

Mesh 5 1 0 4 2.95687 8

Mesh 5 1 0 5 2.93803 9

Mesh 5 1 0 6 3.63659 10

Mesh 5 1 1 0 1.50846 5

Mesh 5 1 1 1 1.47074 4

Mesh 5 1 1 2 1.79574 5

Mesh 5 1 1 3 2.25436 6

Mesh 5 1 1 4 2.18985 7

Mesh 5 1 1 5 2.90673 8

Mesh 5 1 1 6 2.84103 9

Mesh 5 1 2 0 1.32871 4

Mesh 5 1 2 1 1.16181 3

Mesh 5 1 2 2 1.86536 4

Mesh 5 1 2 3 1.75357 5

Mesh 5 1 2 4 1.883 6

Mesh 5 1 2 5 2.42269 7

Mesh 5 1 2 6 2.88094 8

Mesh 5 1 3 0 0.958701 3

Mesh 5 1 3 1 0.531752 2

Mesh 5 1 3 2 0.852416 3

Mesh 5 1 3 3 1.28671 4

Mesh 5 1 3 4 2.52901 5

Mesh 5 1 3 5 1.71634 6

Mesh 5 1 3 6 2.56275 7

Mesh 5 1 4 0 0.977243 2

Mesh 5 1 4 1 0.349048 1

Mesh 5 1 4 2 0.693127 2

Mesh 5 1 4 3 1.59738 3

Mesh 5 1 4 4 1.61637 4

Mesh 5 1 4 5 2.49084 5

Mesh 5 1 4 6 2.29801 6

Mesh 5 1 5 0 0.512917 1

Mesh 5 1 5 2 0.392978 1

Mesh 5 1 5 3 1.10428 2

Mesh 5 1 5 4 1.00887 3

Mesh 5 1 5 5 1.54006 4

Mesh 5 1 5 6 1.57539 5

Mesh 5 1 6 0 0.532198 2

Mesh 5 1 6 1 0.563231 1

Mesh 5 1 6 2 0.629214 2

Mesh 5 1 6 3 1.11869 3

Mesh 5 1 6 4 1.09708 4

Mesh 5 1 6 5 2.05834 5

Mesh 5 1 6 6 2.06792 6

Mesh 5 2 0 0 2.13763 7

Mesh 5 2 0 1 2.06243 6

Mesh 5 2 0 2 1.6326 5

Mesh 5 2 0 3 2.46693 6

Mesh 5 2 0 4 2.30806 7

Mesh 5 2 0 5 2.5829 8

Mesh 5 2 0 6 3.14821 9

Mesh 5 2 1 0 1.99345 6

Mesh 5 2 1 1 1.50906 5

Mesh 5 2 1 2 1.6478 4

Mesh 5 2 1 3 2.19809 5

Mesh 5 2 1 4 2.03986 6

Mesh 5 2 1 5 2.25257 7

Mesh 5 2 1 6 3.0569 8

Mesh 5 2 2 0 1.53951 5

Mesh 5 2 2 1 1.42711 4

Mesh 5 2 2 2 1.1853 3

Mesh 5 2 2 3 1.37725 4

Mesh 5 2 2 4 1.74868 5

Mesh 5 2 2 5 2.49217 6

Mesh 5 2 2 6 2.09165 7

Mesh 5 2 3 0 1.20763 4

Mesh 5 2 3 1 0.959103 3

Mesh 5 2 3 2 0.417264 2

Mesh 5 2 3 3 1.26777 3

Mesh 5 2 3 4 1.77766 4

Mesh 5 2 3 5 1.83362 5

Mesh 5 2 3 6 2.19314 6

Mesh 5 2 4 0 1.02612 3

Mesh 5 2 4 1 0.663162 2

Mesh 5 2 4 2 0.693473 1

Mesh 5 2 4 3 0.741287 2

Mesh 5 2 4 4 0.991701 3

Mesh 5 2 4 5 1.46446 4

Mesh 5 2 4 6 1.62334 5

Mesh 5 2 5 0 0.687868 2

Mesh 5 2 5 1 0.331427 1

Mesh 5 2 5 3 0.545777 1

Mesh 5 2 5 4 0.390162 2

Mesh 5 2 5 5 1.23066 3

Mesh 5 2 5 6 1.06239 4

Mesh 5 2 6 0 0.856637 3

Mesh 5 2 6 1 0.997085 2

Mesh 5 2 6 2 0.240115 1

Mesh 5 2 6 3 0.808026 2

Mesh 5 2 6 4 0.663773 3

Mesh 5 2 6 5 1.08361 4

Mesh 5 2 6 6 1.39893 5

Mesh 5 3 0 0 2.78432 8

Mesh 5 3 0 1 2.29323 7

Mesh 5 3 0 2 2.91292 6

Mesh 5 3 0 3 2.29114 5

Mesh 5 3 0 4 2.10491 6

Mesh 5 3 0 5 2.54204 7

Mesh 5 3 0 6 3.01012 8

Mesh 5 3 1 0 2.67498 7

Mesh 5 3 1 1 1.93287 6

Mesh 5 3 1 2 1.74358 5

Mesh 5 3 1 3 1.08166 4

Mesh 5 3 1 4 1.88998 5

Mesh 5 3 1 5 1.71289 6

Mesh 5 3 1 6 2.05814 7

Mesh 5 3 2 0 2.48601 6

Mesh 5 3 2 1 1.88382 5

Mesh 5 3 2 2 1.29006 4

Mesh 5 3 2 3 1.25098 3

Mesh 5 3 2 4 1.08066 4

Mesh 5 3 2 5 2.20238 5

Mesh 5 3 2 6 1.96316 6

Mesh 5 3 3 0 1.45553 5

Mesh 5 3 3 1 1.46875 4

Mesh 5 3 3 2 1.46362 3

Mesh 5 3 3 3 0.528439 2

Mesh 5 3 3 4 1.06076 3

Mesh 5 3 3 5 1.21591 4

Mesh 5 3 3 6 1.75373 5

Mesh 5 3 4 0 1.33308 4

Mesh 5 3 4 1 0.830992 3

Mesh 5 3 4 2 0.829661 2

Mesh 5 3 4 3 0.302189 1

Mesh 5 3 4 4 0.690055 2

Mesh 5 3 4 5 1.02699 3

Mesh 5 3 4 6 1.12061 4

Mesh 5 3 5 0 1.17716 3

Mesh 5 3 5 1 0.730523 2

Mesh 5 3 5 2 0.491932 1

Mesh 5 3 5 4 0.327157 1

Mesh 5 3 5 5 0.9245 2

Mesh 5 3 5 6 1.1288 3

Mesh 5 3 6 0 1.38907 4

Mesh 5 3 6 1 0.835601 3

Mesh 5 3 6 2 0.603393 2

Mesh 5 3 6 3 0.292127 1

Mesh 5 3 6 4 0.935619 2

Mesh 5 3 6 5 1.01733 3

Mesh 5 3 6 6 1.58252 4

Mesh 5 4 0 0 3.33595 9

Mesh 5 4 0 1 3.59859 8

Mesh 5 4 0 2 2.47861 7

Mesh 5 4 0 3 2.2149 6

Mesh 5 4 0 4 1.90121 5

Mesh 5 4 0 5 2.07908 6

Mesh 5 4 0 6 2.56011 7

Mesh 5 4 1 0 2.59855 8

Mesh 5 4 1 1 2.48698 7

Mesh 5 4 1 2 1.96563 6

Mesh 5 4 1 3 1.44161 5

Mesh 5 4 1 4 1.4372 4

Mesh 5 4 1 5 1.68356 5

Mesh 5 4 1 6 1.94422 6

Mesh 5 4 2 0 2.79303 7

Mesh 5 4 2 1 1.67367 6

Mesh 5 4 2 2 1.97365 5

Mesh 5 4 2 3 1.39566 4

Mesh 5 4 2 4 0.980451 3

Mesh 5 4 2 5 1.30326 4

Mesh 5 4 2 6 1.76105 5

Mesh 5 4 3 0 1.86353 6

Mesh 5 4 3 1 2.05816 5

Mesh 5 4 3 2 1.18819 4

Mesh 5 4 3 3 1.33584 3

Mesh 5 4 3 4 1.07999 2

Mesh 5 4 3 5 0.984298 3

Mesh 5 4 3 6 1.07549 4

Mesh 5 4 4 0 1.76204 5

Mesh 5 4 4 1 1.45794 4

Mesh 5 4 4 2 0.927676 3

Mesh 5 4 4 3 0.907389 2

Mesh 5 4 4 4 0.562379 1

Mesh 5 4 4 5 0.890118 2

Mesh 5 4 4 6 1.17249 3

Mesh 5 4 5 0 1.19472 4

Mesh 5 4 5 1 1.24569 3

Mesh 5 4 5 2 0.763273 2

Mesh 5 4 5 3 0.327101 1

Mesh 5 4 5 5 0.499186 1

Mesh 5 4 5 6 0.787996 2

Mesh 5 4 6 0 1.52381 5

Mesh 5 4 6 1 1.12321 4

Mesh 5 4 6 2 1.12634 3

Mesh 5 4 6 3 0.547003 2

Mesh 5 4 6 4 0.168333 1

Mesh 5 4 6 5 0.54213 2

Mesh 5 4 6 6 1.13929 3

Mesh 5 5 0 0 3.96051 10

Mesh 5 5 0 1 3.14568 9

Mesh 5 5 0 2 3.3843 8

Mesh 5 5 0 3 2.42089 7

Mesh 5 5 0 4 2.12413 6

Mesh 5 5 0 5 1.99453 5

Mesh 5 5 0 6 1.75896 6

Mesh 5 5 1 0 3.05789 9

Mesh 5 5 1 1 2.57732 8

Mesh 5 5 1 2 2.19519 7

Mesh 5 5 1 3 2.47482 6

Mesh 5 5 1 4 1.60917 5

Mesh 5 5 1 5 1.14921 4

Mesh 5 5 1 6 0.920517 5

Mesh 5 5 2 0 3.05023 8

Mesh 5 5 2 1 2.50758 7

Mesh 5 5 2 2 1.73076 6

Mesh 5 5 2 3 1.77129 5

Mesh 5 5 2 4 1.25405 4

Mesh 5 5 2 5 1.46703 3

Mesh 5 5 2 6 1.49144 4

Mesh 5 5 3 0 2.2063 7

Mesh 5 5 3 1 2.17426 6

Mesh 5 5 3 2 2.01621 5

Mesh 5 5 3 3 1.87962 4

Mesh 5 5 3 4 0.890759 3

Mesh 5 5 3 5 0.687242 2

Mesh 5 5 3 6 1.56061 3

Mesh 5 5 4 0 2.50413 6

Mesh 5 5 4 1 1.79165 5

Mesh 5 5 4 2 1.67958 4

Mesh 5 5 4 3 1.04657 3

Mesh 5 5 4 4 0.557663 2

Mesh 5 5 4 5 0.176073 1

Mesh 5 5 4 6 0.462212 2

Mesh 5 5 5 0 1.69074 5

Mesh 5 5 5 1 1.67825 4

Mesh 5 5 5 2 0.821404 3

Mesh 5 5 5 3 0.866985 2

Mesh 5 5 5 4 0.466366 1

Mesh 5 5 5 6 0.296026 1

Mesh 5 5 6 0 1.85812 6

Mesh 5 5 6 1 1.14073 5

Mesh 5 5 6 2 1.39623 4

Mesh 5 5 6 3 0.956557 3

Mesh 5 5 6 4 0.604375 2

Mesh 5 5 6 5 0.586999 1

Mesh 5 5 6 6 1.00791 2

Mesh 5 6 0 0 3.82179 11

Mesh 5 6 0 1 3.26711 10

Mesh 5 6 0 2 3.14971 9

Mesh 5 6 0 3 2.56268 8

Mesh 5 6 0 4 2.47124 7

Mesh 5 6 0 5 2.43031 6

Mesh 5 6 0 6 1.83188 5

Mesh 5 6 1 0 3.85174 10

Mesh 5 6 1 1 3.37433 9

Mesh 5 6 1 2 2.62704 8

Mesh 5 6 1 3 2.11358 7

Mesh 5 6 1 4 2.15212 6

Mesh 5 6 1 5 2.00529 5

Mesh 5 6 1 6 1.39801 4

Mesh 5 6 2 0 3.08193 9

Mesh 5 6 2 1 3.4826 8

Mesh 5 6 2 2 2.50869 7

Mesh 5 6 2 3 2.21948 6

Mesh 5 6 2 4 2.00491 5

Mesh 5 6 2 5 1.37387 4

Mesh 5 6 2 6 1.30228 3

Mesh 5 6 3 0 3.12473 8

Mesh 5 6 3 1 2.25461 7

Mesh 5 6 3 2 2.02273 6

Mesh 5 6 3 3 1.5996 5

Mesh 5 6 3 4 1.37863 4

Mesh 5 6 3 5 0.708484 3

Mesh 5 6 3 6 0.5682 2

Mesh 5 6 4 0 2.89258 7

Mesh 5 6 4 1 2.09532 6

Mesh 5 6 4 2 1.94219 5

Mesh 5 6 4 3 1.40072 4

Mesh 5 6 4 4 1.10537 3

Mesh 5 6 4 5 0.804103 2

Mesh 5 6 4 6 0.334165 1

Mesh 5 6 5 0 2.15479 6

Mesh 5 6 5 1 1.99248 5

Mesh 5 6 5 2 1.46549 4

Mesh 5 6 5 3 1.12134 3

Mesh 5 6 5 4 0.887157 2

Mesh 5 6 5 5 0.540991 1

Mesh 5 6 6 0 2.66214 7

Mesh 5 6 6 1 2.30026 6

Mesh 5 6 6 2 1.60438 5

Mesh 5 6 6 3 1.64632 4

Mesh 5 6 6 4 1.45155 3

Mesh 5 6 6 5 0.969021 2

Mesh 5 6 6 6 0.354002 1

Mesh 6 0 0 0 1.92388 6

Mesh 6 0 0 1 2.62291 7

Mesh 6 0 0 2 3.11451 8

Mesh 6 0 0 3 3.29781 9

Mesh 6 0 0 4 3.16165 10

Mesh 6 0 0 5 3.96775 11

Mesh 6 0 0 6 4.55002 12

Mesh 6 0 1 0 1.7883 5

Mesh 6 0 1 1 2.10259 6

Mesh 6 0 1 2 2.26919 7

Mesh 6 0 1 3 2.58824 8

Mesh 6 0 1 4 3.41143 9

Mesh 6 0 1 5 3.37812 10

Mesh 6 0 1 6 3.61319 11

Mesh 6 0 2 0 1.23502 4

Mesh 6 0 2 1 1.87834 5

Mesh 6 0 2 2 2.5305 6

Mesh 6 0 2 3 2.63769 7

Mesh 6 0 2 4 2.88437 8

Mesh 6 0 2 5 2.9071 9

Mesh 6 0 2 6 2.93111 10

Mesh 6 0 3 0 1.10051 3

Mesh 6 0 3 1 1.61546 4

Mesh 6 0 3 2 1.52261 5

Mesh 6 0 3 3 1.91327 6

Mesh 6 0 3 4 2.35572 7

Mesh 6 0 3 5 3.38338 8

Mesh 6 0 3 6 2.93245 9

Mesh 6 0 4 0 0.950171 2

Mesh 6 0 4 1 1.07896 3

Mesh 6 0 4 2 1.36042 4

Mesh 6 0 4 3 1.76225 5

Mesh 6 0 4 4 2.38819 6

Mesh 6 0 4 5 2.97463 7

Mesh 6 0 4 6 3.20109 8

Mesh 6 0 5 0 0.146598 1

Mesh 6 0 5 1 0.58123 2

Mesh 6 0 5 2 0.978147 3

Mesh 6 0 5 3 1.14434 4

Mesh 6 0 5 4 1.6226 5

Mesh 6 0 5 5 1.76923 6

Mesh 6 0 5 6 2.42607 7

Mesh 6 0 6 1 0.408796 1

Mesh 6 0 6 2 0.825688 2

Mesh 6 0 6 3 0.699351 3

Mesh 6 0 6 4 1.7009 4

Mesh 6 0 6 5 1.91376 5

Mesh 6 0 6 6 2.34267 6

Mesh 6 1 0 0 2.51317 7

Mesh 6 1 0 1 2.01941 6

Mesh 6 1 0 2 2.59271 7

Mesh 6 1 0 3 2.70453 8

Mesh 6 1 0 4 3.48443 9

Mesh 6 1 0 5 3.1917 10

Mesh 6 1 0 6 4.1899 11

Mesh 6 1 1 0 2.14192 6

Mesh 6 1 1 1 1.79397 5

Mesh 6 1 1 2 2.05199 6

Mesh 6 1 1 3 2.6751 7

Mesh 6 1 1 4 2.55478 8

Mesh 6 1 1 5 3.4199 9

Mesh 6 1 1 6 3.43522 10

Mesh 6 1 2 0 1.76737 5

Mesh 6 1 2 1 1.49311 4

Mesh 6 1 2 2 1.5358 5

Mesh 6 1 2 3 2.58377 6

Mesh 6 1 2 4 2.39254 7

Mesh 6 1 2 5 2.44696 8

Mesh 6 1 2 6 3.09399 9

Mesh 6 1 3 0 1.67038 4

Mesh 6 1 3 1 1.18193 3

Mesh 6 1 3 2 1.23233 4

Mesh 6 1 3 3 1.46745 5

Mesh 6 1 3 4 2.5259 6

Mesh 6 1 3 5 2.63671 7

Mesh 6 1 3 6 2.26598 8

Mesh 6 1 4 0 1.40608 3

Mesh 6 1 4 1 0.633439 2

Mesh 6 1 4 2 1.03806 3

Mesh 6 1 4 3 1.28252 4

Mesh 6 1 4 4 1.85915 5

Mesh 6 1 4 5 2.48111 6

Mesh 6 1 4 6 2.72327 7

Mesh 6 1 5 0 0.673482 2

Mesh 6 1 5 1 0.529024 1

Mesh 6 1 5 2 0.614232 2

Mesh 6 1 5 3 1.52379 3

Mesh 6 1 5 4 1.83451 4

Mesh 6 1 5 5 1.84096 5

Mesh 6 1 5 6 1.94306 6

Mesh 6 1 6 0 0.311381 1

Mesh 6 1 6 2 0.347405 1

Mesh 6 1 6 3 0.522144 2

Mesh 6 1 6 4 0.956857 3

Mesh 6 1 6 5 1.36059 4

Mesh 6 1 6 6 1.77536 5

Mesh 6 2 0 0 2.80897 8

Mesh 6 2 0 1 2.3962 7

Mesh 6 2 0 2 2.48154 6

Mesh 6 2 0 3 2.03543 7

Mesh 6 2 0 4 3.45172 8

Mesh 6 2 0 5 3.32639 9

Mesh 6 2 0 6 3.56479 10

Mesh 6 2 1 0 2.01431 7

Mesh 6 2 1 1 2.23091 6

Mesh 6 2 1 2 1.83461 5

Mesh 6 2 1 3 2.80165 6

Mesh 6 2 1 4 2.62647 7

Mesh 6 2 1 5 2.85349 8

Mesh 6 2 1 6 3.26826 9

Mesh 6 2 2 0 2.13295 6

Mesh 6 2 2 1 2.23459 5

Mesh 6 2 2 2 1.19534 4

Mesh 6 2 2 3 1.47222 5

Mesh 6 2 2 4 2.53121 6

Mesh 6 2 2 5 2.24833 7

Mesh 6 2 2 6 2.96409 8

Mesh 6 2 3 0 2.00462 5

Mesh 6 2 3 1 1.88161 4

Mesh 6 2 3 2 0.600953 3

Mesh 6 2 3 3 1.03284 4

Mesh 6 2 3 4 1.37967 5

Mesh 6 2 3 5 1.91339 6

Mesh 6 2 3 6 2.50706 7

Mesh 6 2 4 0 1.20971 4

Mesh 6 2 4 1 1.2947 3

Mesh 6 2 4 2 1.02119 2

Mesh 6 2 4 3 1.06246 3

Mesh 6 2 4 4 1.44281 4

Mesh 6 2 4 5 1.70848 5

Mesh 6 2 4 6 1.94178 6

Mesh 6 2 5 0 1.09051 3

Mesh 6 2 5 1 0.851655 2

Mesh 6 2 5 2 0.378415 1

Mesh 6 2 5 3 0.522202 2

Mesh 6 2 5 4 0.966978 3

Mesh 6 2 5 5 1.58895 4

Mesh 6 2 5 6 2.06528 5

Mesh 6 2 6 0 0.800191 2

Mesh 6 2 6 1 0.31931 1

Mesh 6 2 6 3 0.282811 1

Mesh 6 2 6 4 0.893515 2

Mesh 6 2 6 5 1.11856 3

Mesh 6 2 6 6 1.37764 4

Mesh 6 3 0 0 3.31971 9

Mesh 6 3 0 1 3.22041 8

Mesh 6 3 0 2 2.63059 7

Mesh 6 3 0 3 2.53375 6

Mesh 6 3 0 4 2.29987 7

Mesh 6 3 0 5 3.04049 8

Mesh 6 3 0 6 3.61591 9

Mesh 6 3 1 0 2.8944 8

Mesh 6 3 1 1 2.14739 7

Mesh 6 3 1 2 1.71917 6

Mesh 6 3 1 3 1.99018 5

Mesh 6 3 1 4 2.00394 6

Mesh 6 3 1 5 2.22692 7

Mesh 6 3 1 6 2.66879 8

Mesh 6 3 2 0 2.27848 7

Mesh 6 3 2 1 2.73577 6

Mesh 6 3 2 2 1.76725 5

Mesh 6 3 2 3 1.58253 4

Mesh 6 3 2 4 1.93215 5

Mesh 6 3 2 5 2.04225 6

Mesh 6 3 2 6 2.63687 7

Mesh 6 3 3 0 2.35408 6

Mesh 6 3 3 1 1.84294 5

Mesh 6 3 3 2 1.67379 4

Mesh 6 3 3 3 0.768323 3

Mesh 6 3 3 4 1.19655 4

Mesh 6 3 3 5 2.02749 5

Mesh 6 3 3 6 2.62039 6

Mesh 6 3 4 0 1.76422 5

Mesh 6 3 4 1 1.48086 4

Mesh 6 3 4 2 1.1031 3

Mesh 6 3 4 3 0.667224 2

Mesh 6 3 4 4 0.722725 3

Mesh 6 3 4 5 1.26986 4

Mesh 6 3 4 6 1.48556 5

Mesh 6 3 5 0 1.78642 4

Mesh 6 3 5 1 1.0054 3

Mesh 6 3 5 2 1.03032 2

Mesh 6 3 5 3 0.416879 1

Mesh 6 3 5 4 0.381544 2

Mesh 6 3 5 5 1.39522 3

Mesh 6 3 5 6 1.4259 4

Mesh 6 3 6 0 1.48492 3

Mesh 6 3 6 1 0.662893 2

Mesh 6 3 6 2 0.281583 1

Mesh 6 3 6 4 0.497297 1

Mesh 6 3 6 5 0.763483 2

Mesh 6 3 6 6 1.27274 3

Mesh 6 4 0 0 3.15706 10

Mesh 6 4 0 1 3.14313 9

Mesh 6 4 0 2 2.98203 8

Mesh 6 4 0 3 2.82141 7

Mesh 6 4 0 4 2.55929 6

Mesh 6 4 0 5 2.6775 7

Mesh 6 4 0 6 2.88178 8

Mesh 6 4 1 0 2.73104 9

Mesh 6 4 1 1 2.73861 8

Mesh 6 4 1 2 2.612 7

Mesh 6 4 1 3 1.97792 6

Mesh 6 4 1 4 2.05698 5

Mesh 6 4 1 5 2.06045 6

Mesh 6 4 1 6 2.55826 7

Mesh 6 4 2 0 2.70483 8

Mesh 6 4 2 1 2.65693 7

Mesh 6 4 2 2 1.79578 6

Mesh 6 4 2 3 1.64873 5

Mesh 6 4 2 4 1.64247 4

Mesh 6 4 2 5 1.88972 5

Mesh 6 4 2 6 2.42177 6

Mesh 6 4 3 0 2.76067 7

Mesh 6 4 3 1 1.94353 6

Mesh 6 4 3 2 1.95011 5

Mesh 6 4 3 3 1.68323 4

Mesh 6 4 3 4 1.13179 3

Mesh 6 4 3 5 1.08665 4

Mesh 6 4 3 6 1.5768 5

Mesh 6 4 4 0 2.42726 6

Mesh 6 4 4 1 1.36247 5

Mesh 6 4 4 2 1.54818 4

Mesh 6 4 4 3 0.914073 3

Mesh 6 4 4 4 0.901981 2

Mesh 6 4 4 5 1.08117 3

Mesh 6 4 4 6 1.55329 4

Mesh 6 4 5 0 1.78709 5

Mesh 6 4 5 1 1.35712 4

Mesh 6 4 5 2 0.923083 3

Mesh 6 4 5 3 1.01851 2

Mesh 6 4 5 4 0.490394 1

Mesh 6 4 5 5 0.998608 2

Mesh 6 4 5 6 1.14328 3

Mesh 6 4 6 0 1.26928 4

Mesh 6 4 6 1 1.16804 3

Mesh 6 4 6 2 0.96686 2

Mesh 6 4 6 3 0.274197 1

Mesh 6 4 6 5 0.435882 1

Mesh 6 4 6 6 0.606111 2

Mesh 6 5 0 0 4.25938 11

Mesh 6 5 0 1 3.81204 10

Mesh 6 5 0 2 3.20535 9

Mesh 6 5 0 3 2.78619 8

Mesh 6 5 0 4 1.77486 7

Mesh 6 5 0 5 1.85203 6

Mesh 6 5 0 6 2.75059 7

Mesh 6 5 1 0 3.71372 10

Mesh 6 5 1 1 3.52647 9

Mesh 6 5 1 2 3.33214 8

Mesh 6 5 1 3 2.72815 7

Mesh 6 5 1 4 1.99834 6

Mesh 6 5 1 5 1.63644 5

Mesh 6 5 1 6 1.99671 6

Mesh 6 5 2 0 3.4035 9

Mesh 6 5 2 1 2.69627 8

Mesh 6 5 2 2 2.94113 7

Mesh 6 5 2 3 2.34178 6

Mesh 6 5 2 4 2.12604 5

Mesh 6 5 2 5 1.24772 4

Mesh 6 5 2 6 1.78082 5

Mesh 6 5 3 0 2.37903 8

Mesh 6 5 3 1 2.80854 7

Mesh 6 5 3 2 2.52531 6

Mesh 6 5 3 3 1.70716 5

Mesh 6 5 3 4 1.67079 4

Mesh 6 5 3 5 0.755493 3

Mesh 6 5 3 6 1.04169 4

Mesh 6 5 4 0 2.49974 7

Mesh 6 5 4 1 1.89368 6

Mesh 6 5 4 2 1.82059 5

Mesh 6 5 4 3 1.53405 4

Mesh 6 5 4 4 0.958157 3

Mesh 6 5 4 5 0.606321 2

Mesh 6 5 4 6 0.795565 3

Mesh 6 5 5 0 1.99801 6

Mesh 6 5 5 1 1.93911 5

Mesh 6 5 5 2 1.64093 4

Mesh 6 5 5 3 1.09777 3

Mesh 6 5 5 4 0.566999 2

Mesh 6 5 5 5 0.338967 1

Mesh 6 5 5 6 0.656572 2

Mesh 6 5 6 0 1.91816 5

Mesh 6 5 6 1 1.51285 4

Mesh 6 5 6 2 1.29235 3

Mesh 6 5 6 3 0.772409 2

Mesh 6 5 6 4 0.322887 1

Mesh 6 5 6 6 0.323073 1

Mesh 6 6 0 0 3.96029 12

Mesh 6 6 0 1 3.06239 11

Mesh 6 6 0 2 3.85912 10

Mesh 6 6 0 3 3.86354 9

Mesh 6 6 0 4 2.61962 8

Mesh 6 6 0 5 2.2621 7

Mesh 6 6 0 6 2.02931 6

Mesh 6 6 1 0 4.01457 11

Mesh 6 6 1 1 3.22043 10

Mesh 6 6 1 2 3.5083 9

Mesh 6 6 1 3 3.12547 8

Mesh 6 6 1 4 2.84061 7

Mesh 6 6 1 5 2.00806 6

Mesh 6 6 1 6 1.6246 5

Mesh 6 6 2 0 3.47218 10

Mesh 6 6 2 1 2.85656 9

Mesh 6 6 2 2 2.60615 8

Mesh 6 6 2 3 2.42931 7

Mesh 6 6 2 4 1.96353 6

Mesh 6 6 2 5 1.63987 5

Mesh 6 6 2 6 1.59417 4

Mesh 6 6 3 0 3.44648 9

Mesh 6 6 3 1 2.90186 8

Mesh 6 6 3 2 2.74586 7

Mesh 6 6 3 3 2.50808 6

Mesh 6 6 3 4 1.9989 5

Mesh 6 6 3 5 1.22705 4

Mesh 6 6 3 6 1.13744 3

Mesh 6 6 4 0 2.88362 8

Mesh 6 6 4 1 2.23468 7

Mesh 6 6 4 2 2.11648 6

Mesh 6 6 4 3 2.28292 5

Mesh 6 6 4 4 1.51716 4

Mesh 6 6 4 5 1.35964 3

Mesh 6 6 4 6 0.533287 2

Mesh 6 6 5 0 2.59254 7

Mesh 6 6 5 1 1.74214 6

Mesh 6 6 5 2 1.97008 5

Mesh 6 6 5 3 1.43793 4

Mesh 6 6 5 4 1.10351 3

Mesh 6 6 5 5 0.944012 2

Mesh 6 6 5 6 0.467857 1

Mesh 6 6 6 0 2.5214 6

Mesh 6 6 6 1 1.51582 5

Mesh 6 6 6 2 1.57875 4

Mesh 6 6 6 3 1.17451 3

Mesh 6 6 6 4 0.632109 2

Mesh 6 6 6 5 0.462948 1
