
MESH TOPOLOGY SIMULATION


Row Size : 5	Column Size : 5


All Source to All Destination  

Data : 10101
Mesh 0 0 0 1 0.282353 1

Mesh 0 0 0 2 0.350761 2

Mesh 0 0 0 3 0.530567 3

Mesh 0 0 0 4 0.641781 4

Mesh 0 0 1 0 0.322344 1

Mesh 0 0 1 1 0.348651 2

Mesh 0 0 1 2 0.572468 3

Mesh 0 0 1 3 0.66413 4

Mesh 0 0 1 4 0.891649 5

Mesh 0 0 2 0 0.388252 2

Mesh 0 0 2 1 0.488684 3

Mesh 0 0 2 2 0.628988 4

Mesh 0 0 2 3 0.865126 5

Mesh 0 0 2 4 0.92425 6

MESH TOPOLOGY SIMULATION


Row Size : 3	Column Size : 3


All Source to All Destination  

Data : 10101
Mesh 0 0 0 1 0.10267 1

Mesh 0 0 0 2 0.196587 2

Mesh 0 0 1 0 0.048289 1

Mesh 0 0 1 1 0.176185 2

Mesh 0 0 1 2 0.148823 3

Mesh 0 0 2 0 0.223691 2

Mesh 0 0 2 1 0.204501 3

Mesh 0 0 2 2 0.328642 4

Mesh 0 1 0 0 0.064868 1

Mesh 0 1 0 2 0.122609 1

Mesh 0 1 1 0 0.144291 2

Mesh 0 1 1 1 0.050907 1

Mesh 0 1 1 2 0.209061 2

Mesh 0 1 2 0 0.257192 3

Mesh 0 1 2 1 0.125663 2

Mesh 0 1 2 2 0.292122 3

Mesh 0 2 0 0 0.111616 2

Mesh 0 2 0 1 0.069774 1

Mesh 0 2 1 0 0.243355 3

Mesh 0 2 1 1 0.177908 2

Mesh 0 2 1 2 0.096325 1

Mesh 0 2 2 0 0.34233 4

Mesh 0 2 2 1 0.217292 3

Mesh 0 2 2 2 0.107178 2

Mesh 1 0 0 0 0.068014 1

Mesh 1 0 0 1 0.158118 2

Mesh 1 0 0 2 0.139555 3

Mesh 1 0 1 1 0.07222 1

Mesh 1 0 1 2 0.177624 2

Mesh 1 0 2 0 0.111256 1

Mesh 1 0 2 1 0.191379 2

Mesh 1 0 2 2 0.167838 3

Mesh 1 1 0 0 0.171456 2

Mesh 1 1 0 1 0.06875 1

Mesh 1 1 0 2 0.132517 2

Mesh 1 1 1 0 0.11378 1

Mesh 1 1 1 2 0.089646 1

Mesh 1 1 2 0 0.136191 2

Mesh 1 1 2 1 0.065584 1

Mesh 1 1 2 2 0.175576 2

Mesh 1 2 0 0 0.179681 3

Mesh 1 2 0 1 0.225902 2

Mesh 1 2 0 2 0.107564 1

Mesh 1 2 1 0 0.113773 2

Mesh 1 2 1 1 0.074054 1

Mesh 1 2 2 0 0.156011 3

Mesh 1 2 2 1 0.123273 2

Mesh 1 2 2 2 0.057099 1

Mesh 2 0 0 0 0.106163 2

Mesh 2 0 0 1 0.236651 3

Mesh 2 0 0 2 0.291384 4

Mesh 2 0 1 0 0.089592 1

Mesh 2 0 1 1 0.161766 2

Mesh 2 0 1 2 0.174968 3

Mesh 2 0 2 1 0.066289 1

Mesh 2 0 2 2 0.138972 2

Mesh 2 1 0 0 0.214122 3

Mesh 2 1 0 1 0.108036 2

Mesh 2 1 0 2 0.218784 3

Mesh 2 1 1 0 0.163464 2

Mesh 2 1 1 1 0.063371 1

Mesh 2 1 1 2 0.139789 2

Mesh 2 1 2 0 0.047098 1

Mesh 2 1 2 2 0.082741 1

Mesh 2 2 0 0 0.192809 4

Mesh 2 2 0 1 0.163922 3

Mesh 2 2 0 2 0.129716 2

Mesh 2 2 1 0 0.194729 3

Mesh 2 2 1 1 0.184866 2

Mesh 2 2 1 2 0.123411 1

Mesh 2 2 2 0 0.134605 2

Mesh 2 2 2 1 0.131357 1

MESH TOPOLOGY SIMULATION


Row Size : 6	Column Size : 6


All Source to All Destination  

Data : 10101
Mesh 0 0 0 1 0.239761 1

Mesh 0 0 0 2 0.356401 2

Mesh 0 0 0 3 0.763909 3

Mesh 0 0 0 4 0.896271 4

Mesh 0 0 0 5 1.38254 5

Mesh 0 0 1 0 0.358341 1

Mesh 0 0 1 1 0.549938 2

Mesh 0 0 1 2 1.02437 3

Mesh 0 0 1 3 0.740793 4

Mesh 0 0 1 4 1.35754 5

Mesh 0 0 1 5 1.47592 6

Mesh 0 0 2 0 0.488422 2

Mesh 0 0 2 1 0.859905 3

Mesh 0 0 2 2 1.10916 4

Mesh 0 0 2 3 1.14155 5

Mesh 0 0 2 4 1.3079 6

Mesh 0 0 2 5 2.05508 7

Mesh 0 0 3 0 0.417538 3

Mesh 0 0 3 1 1.02671 4

Mesh 0 0 3 2 1.40332 5

Mesh 0 0 3 3 1.1869 6

Mesh 0 0 3 4 1.77649 7

Mesh 0 0 3 5 2.50929 8

Mesh 0 0 4 0 1.27388 4

Mesh 0 0 4 1 1.08955 5

Mesh 0 0 4 2 1.37391 6

Mesh 0 0 4 3 1.71493 7

Mesh 0 0 4 4 1.81795 8

Mesh 0 0 4 5 2.49916 9

Mesh 0 0 5 0 1.19831 5

Mesh 0 0 5 1 1.3481 6

Mesh 0 0 5 2 1.94478 7

Mesh 0 0 5 3 1.56321 8

Mesh 0 0 5 4 2.34652 9

Mesh 0 0 5 5 2.60125 10

Mesh 0 1 0 0 0.148001 1

Mesh 0 1 0 2 0.311191 1

Mesh 0 1 0 3 0.626733 2

Mesh 0 1 0 4 0.678339 3

Mesh 0 1 0 5 1.09717 4

Mesh 0 1 1 0 0.529707 2

Mesh 0 1 1 1 0.299546 1

Mesh 0 1 1 2 0.491624 2

Mesh 0 1 1 3 0.964801 3

Mesh 0 1 1 4 1.07231 4

Mesh 0 1 1 5 1.47711 5

Mesh 0 1 2 0 0.749758 3

Mesh 0 1 2 1 0.540957 2

Mesh 0 1 2 2 0.931747 3

Mesh 0 1 2 3 0.934374 4

Mesh 0 1 2 4 1.04279 5

Mesh 0 1 2 5 1.80078 6

Mesh 0 1 3 0 1.09482 4

Mesh 0 1 3 1 0.994192 3

Mesh 0 1 3 2 1.1507 4

Mesh 0 1 3 3 1.14139 5

Mesh 0 1 3 4 1.4032 6

Mesh 0 1 3 5 1.81029 7

Mesh 0 1 4 0 1.32409 5

Mesh 0 1 4 1 0.991545 4

Mesh 0 1 4 2 1.42168 5

Mesh 0 1 4 3 1.36266 6

Mesh 0 1 4 4 1.92151 7

Mesh 0 1 4 5 2.06219 8

Mesh 0 1 5 0 1.40203 6

Mesh 0 1 5 1 1.21185 5

Mesh 0 1 5 2 1.51131 6

Mesh 0 1 5 3 2.05865 7

Mesh 0 1 5 4 2.6533 8

Mesh 0 1 5 5 2.14494 9

Mesh 0 2 0 0 0.545126 2

Mesh 0 2 0 1 0.314957 1

Mesh 0 2 0 3 0.327312 1

Mesh 0 2 0 4 0.668202 2

Mesh 0 2 0 5 0.613902 3

Mesh 0 2 1 0 0.824815 3

Mesh 0 2 1 1 0.561495 2

Mesh 0 2 1 2 0.21029 1

Mesh 0 2 1 3 0.542091 2

Mesh 0 2 1 4 0.718246 3

Mesh 0 2 1 5 1.08547 4

Mesh 0 2 2 0 0.721172 4

Mesh 0 2 2 1 0.841226 3

Mesh 0 2 2 2 0.473792 2

Mesh 0 2 2 3 0.741156 3

Mesh 0 2 2 4 1.05391 4

Mesh 0 2 2 5 1.00293 5

Mesh 0 2 3 0 1.23718 5

Mesh 0 2 3 1 0.903748 4

Mesh 0 2 3 2 0.889404 3

Mesh 0 2 3 3 1.21646 4

Mesh 0 2 3 4 1.27266 5

Mesh 0 2 3 5 1.69517 6

Mesh 0 2 4 0 1.42671 6

Mesh 0 2 4 1 1.68463 5

Mesh 0 2 4 2 0.999 4

Mesh 0 2 4 3 1.59011 5

Mesh 0 2 4 4 1.34221 6

Mesh 0 2 4 5 1.88028 7

Mesh 0 2 5 0 1.45762 7

Mesh 0 2 5 1 1.33891 6

Mesh 0 2 5 2 1.83777 5

Mesh 0 2 5 3 1.38274 6

Mesh 0 2 5 4 1.68247 7

Mesh 0 2 5 5 1.65026 8

Mesh 0 3 0 0 0.653946 3

Mesh 0 3 0 1 0.459948 2

Mesh 0 3 0 2 0.353328 1

Mesh 0 3 0 4 0.298938 1

Mesh 0 3 0 5 0.635544 2

Mesh 0 3 1 0 1.2154 4

Mesh 0 3 1 1 0.66077 3

Mesh 0 3 1 2 0.575709 2

Mesh 0 3 1 3 0.291272 1

Mesh 0 3 1 4 0.554728 2

Mesh 0 3 1 5 1.1079 3

Mesh 0 3 2 0 1.12401 5

Mesh 0 3 2 1 0.836536 4

Mesh 0 3 2 2 0.645977 3

Mesh 0 3 2 3 0.414322 2

Mesh 0 3 2 4 0.863274 3

Mesh 0 3 2 5 0.935491 4

Mesh 0 3 3 0 1.71612 6

Mesh 0 3 3 1 1.11078 5

Mesh 0 3 3 2 1.23652 4

Mesh 0 3 3 3 0.932606 3

Mesh 0 3 3 4 0.920497 4

Mesh 0 3 3 5 1.27878 5

Mesh 0 3 4 0 1.96547 7

Mesh 0 3 4 1 1.88362 6

Mesh 0 3 4 2 1.45029 5

Mesh 0 3 4 3 0.768387 4

Mesh 0 3 4 4 1.40062 5

Mesh 0 3 4 5 1.6949 6

Mesh 0 3 5 0 2.14916 8

Mesh 0 3 5 1 1.94968 7

Mesh 0 3 5 2 1.03926 6

Mesh 0 3 5 3 1.28104 5

Mesh 0 3 5 4 1.78876 6

Mesh 0 3 5 5 1.91186 7

Mesh 0 4 0 0 0.753695 4

Mesh 0 4 0 1 0.805815 3

Mesh 0 4 0 2 0.545711 2

Mesh 0 4 0 3 0.260566 1

Mesh 0 4 0 5 0.299305 1

Mesh 0 4 1 0 1.22621 5

Mesh 0 4 1 1 1.5697 4

Mesh 0 4 1 2 0.751375 3

Mesh 0 4 1 3 0.658495 2

Mesh 0 4 1 4 0.292102 1

Mesh 0 4 1 5 0.620991 2

Mesh 0 4 2 0 1.35194 6

Mesh 0 4 2 1 1.05175 5

Mesh 0 4 2 2 1.02601 4

Mesh 0 4 2 3 0.948643 3

Mesh 0 4 2 4 0.437774 2

Mesh 0 4 2 5 0.945559 3

Mesh 0 4 3 0 1.70662 7

Mesh 0 4 3 1 1.44495 6

Mesh 0 4 3 2 1.50093 5

Mesh 0 4 3 3 1.04857 4

Mesh 0 4 3 4 1.06072 3

Mesh 0 4 3 5 0.74083 4

Mesh 0 4 4 0 2.02987 8

Mesh 0 4 4 1 2.16431 7

Mesh 0 4 4 2 1.89319 6

Mesh 0 4 4 3 1.19705 5

Mesh 0 4 4 4 0.878824 4

Mesh 0 4 4 5 1.25586 5

Mesh 0 4 5 0 2.29486 9

Mesh 0 4 5 1 1.88495 8

Mesh 0 4 5 2 1.84272 7

Mesh 0 4 5 3 1.39628 6

Mesh 0 4 5 4 1.28052 5

Mesh 0 4 5 5 1.7671 6

Mesh 0 5 0 0 1.11685 5

Mesh 0 5 0 1 1.20515 4

Mesh 0 5 0 2 0.817434 3

Mesh 0 5 0 3 0.667734 2

Mesh 0 5 0 4 0.129188 1

Mesh 0 5 1 0 1.66593 6

Mesh 0 5 1 1 1.61231 5

Mesh 0 5 1 2 0.915118 4

Mesh 0 5 1 3 0.943905 3

Mesh 0 5 1 4 0.381301 2

Mesh 0 5 1 5 0.287171 1

Mesh 0 5 2 0 1.74059 7

Mesh 0 5 2 1 2.10382 6

Mesh 0 5 2 2 1.18234 5

Mesh 0 5 2 3 1.22995 4

Mesh 0 5 2 4 0.913554 3

Mesh 0 5 2 5 0.440212 2

Mesh 0 5 3 0 2.23147 8

Mesh 0 5 3 1 1.80829 7

Mesh 0 5 3 2 1.64552 6

Mesh 0 5 3 3 1.29935 5

Mesh 0 5 3 4 0.955471 4

Mesh 0 5 3 5 0.874365 3

Mesh 0 5 4 0 2.28768 9

Mesh 0 5 4 1 1.98674 8

Mesh 0 5 4 2 1.565 7

Mesh 0 5 4 3 1.28332 6

Mesh 0 5 4 4 1.55127 5

Mesh 0 5 4 5 0.942065 4

Mesh 0 5 5 0 2.79604 10

Mesh 0 5 5 1 2.07775 9

Mesh 0 5 5 2 2.13684 8

Mesh 0 5 5 3 1.75361 7

Mesh 0 5 5 4 1.81012 6

Mesh 0 5 5 5 1.48711 5

Mesh 1 0 0 0 0.369396 1

Mesh 1 0 0 1 0.621877 2

Mesh 1 0 0 2 0.623541 3

Mesh 1 0 0 3 1.19531 4

Mesh 1 0 0 4 1.20174 5

Mesh 1 0 0 5 1.21029 6

Mesh 1 0 1 1 0.285411 1

Mesh 1 0 1 2 0.577683 2

Mesh 1 0 1 3 1.04017 3

Mesh 1 0 1 4 0.892947 4

Mesh 1 0 1 5 1.25183 5

Mesh 1 0 2 0 0.387342 1

Mesh 1 0 2 1 0.871754 2

Mesh 1 0 2 2 1.01468 3

Mesh 1 0 2 3 0.978193 4

Mesh 1 0 2 4 1.41406 5

Mesh 1 0 2 5 1.68844 6

Mesh 1 0 3 0 0.572461 2

Mesh 1 0 3 1 0.991321 3

Mesh 1 0 3 2 1.12508 4

Mesh 1 0 3 3 1.48951 5

Mesh 1 0 3 4 1.56205 6

Mesh 1 0 3 5 1.96116 7

Mesh 1 0 4 0 1.0119 3

Mesh 1 0 4 1 1.13936 4

Mesh 1 0 4 2 1.02557 5

Mesh 1 0 4 3 1.58828 6

Mesh 1 0 4 4 1.74419 7

Mesh 1 0 4 5 2.0342 8

Mesh 1 0 5 0 0.96544 4

Mesh 1 0 5 1 1.21645 5

Mesh 1 0 5 2 1.20492 6

Mesh 1 0 5 3 1.92366 7

Mesh 1 0 5 4 2.63653 8

Mesh 1 0 5 5 2.25834 9

Mesh 1 1 0 0 0.668849 2

Mesh 1 1 0 1 0.251014 1

Mesh 1 1 0 2 0.629466 2

Mesh 1 1 0 3 0.815192 3

Mesh 1 1 0 4 1.05343 4

Mesh 1 1 0 5 1.35424 5

Mesh 1 1 1 0 0.377642 1

Mesh 1 1 1 2 0.218794 1

Mesh 1 1 1 3 0.316493 2

Mesh 1 1 1 4 0.842681 3

Mesh 1 1 1 5 1.35706 4

Mesh 1 1 2 0 0.546536 2

Mesh 1 1 2 1 0.371594 1

Mesh 1 1 2 2 0.455809 2

Mesh 1 1 2 3 0.596221 3

Mesh 1 1 2 4 1.34353 4

Mesh 1 1 2 5 1.69871 5

Mesh 1 1 3 0 0.732778 3

Mesh 1 1 3 1 0.538733 2

Mesh 1 1 3 2 0.973894 3

Mesh 1 1 3 3 0.934134 4

Mesh 1 1 3 4 0.929015 5

Mesh 1 1 3 5 1.36664 6

Mesh 1 1 4 0 1.08541 4

Mesh 1 1 4 1 0.696418 3

Mesh 1 1 4 2 0.833968 4

Mesh 1 1 4 3 1.33399 5

Mesh 1 1 4 4 1.86733 6

Mesh 1 1 4 5 1.6266 7

Mesh 1 1 5 0 1.21668 5

Mesh 1 1 5 1 1.19508 4

Mesh 1 1 5 2 1.3419 5

Mesh 1 1 5 3 1.51297 6

Mesh 1 1 5 4 1.28131 7

Mesh 1 1 5 5 2.17093 8

Mesh 1 2 0 0 1.04474 3

Mesh 1 2 0 1 0.652457 2

Mesh 1 2 0 2 0.318343 1

Mesh 1 2 0 3 0.549123 2

Mesh 1 2 0 4 0.807572 3

Mesh 1 2 0 5 1.13946 4

Mesh 1 2 1 0 0.556487 2

Mesh 1 2 1 1 0.449332 1

Mesh 1 2 1 3 0.536253 1

Mesh 1 2 1 4 0.797021 2

Mesh 1 2 1 5 0.685102 3

Mesh 1 2 2 0 0.831299 3

Mesh 1 2 2 1 0.647704 2

Mesh 1 2 2 2 0.354599 1

Mesh 1 2 2 3 0.483455 2

Mesh 1 2 2 4 1.14077 3

Mesh 1 2 2 5 1.15827 4

Mesh 1 2 3 0 1.10166 4

Mesh 1 2 3 1 0.836458 3

Mesh 1 2 3 2 0.620327 2

Mesh 1 2 3 3 1.09146 3

Mesh 1 2 3 4 1.20729 4

Mesh 1 2 3 5 0.770613 5

Mesh 1 2 4 0 1.63339 5

Mesh 1 2 4 1 1.1991 4

Mesh 1 2 4 2 0.848302 3

Mesh 1 2 4 3 1.1532 4

Mesh 1 2 4 4 1.11858 5

Mesh 1 2 4 5 1.48564 6

Mesh 1 2 5 0 1.28143 6

Mesh 1 2 5 1 1.16686 5

Mesh 1 2 5 2 1.03235 4

Mesh 1 2 5 3 1.21199 5

Mesh 1 2 5 4 1.30666 6

Mesh 1 2 5 5 1.81392 7

Mesh 1 3 0 0 1.21966 4

Mesh 1 3 0 1 0.955758 3

Mesh 1 3 0 2 0.481388 2

Mesh 1 3 0 3 0.282456 1

Mesh 1 3 0 4 0.365486 2

Mesh 1 3 0 5 0.773384 3

Mesh 1 3 1 0 0.690518 3

Mesh 1 3 1 1 0.627717 2

Mesh 1 3 1 2 0.187531 1

Mesh 1 3 1 4 0.283754 1

Mesh 1 3 1 5 0.548257 2

Mesh 1 3 2 0 0.959373 4

Mesh 1 3 2 1 0.707418 3

Mesh 1 3 2 2 0.479736 2

Mesh 1 3 2 3 0.220549 1

Mesh 1 3 2 4 0.484316 2

Mesh 1 3 2 5 0.77762 3

Mesh 1 3 3 0 1.39306 5

Mesh 1 3 3 1 0.970412 4

Mesh 1 3 3 2 0.912794 3

Mesh 1 3 3 3 0.507223 2

Mesh 1 3 3 4 0.945912 3

Mesh 1 3 3 5 1.28058 4

Mesh 1 3 4 0 1.60441 6

Mesh 1 3 4 1 1.17588 5

Mesh 1 3 4 2 0.852957 4

Mesh 1 3 4 3 0.927872 3

Mesh 1 3 4 4 0.620424 4

Mesh 1 3 4 5 1.14709 5

Mesh 1 3 5 0 1.95568 7

Mesh 1 3 5 1 1.50271 6

Mesh 1 3 5 2 0.947681 5

Mesh 1 3 5 3 1.00307 4

Mesh 1 3 5 4 1.08443 5

Mesh 1 3 5 5 1.45365 6

Mesh 1 4 0 0 1.00456 5

Mesh 1 4 0 1 1.15205 4

Mesh 1 4 0 2 0.965553 3

Mesh 1 4 0 3 0.600845 2

Mesh 1 4 0 4 0.265205 1

Mesh 1 4 0 5 0.547797 2

Mesh 1 4 1 0 1.11683 4

Mesh 1 4 1 1 0.892048 3

Mesh 1 4 1 2 0.346245 2

Mesh 1 4 1 3 0.275229 1

Mesh 1 4 1 5 0.425335 1

Mesh 1 4 2 0 1.30804 5

Mesh 1 4 2 1 1.15934 4

Mesh 1 4 2 2 0.995268 3

Mesh 1 4 2 3 0.583819 2

Mesh 1 4 2 4 0.308949 1

Mesh 1 4 2 5 0.744652 2

Mesh 1 4 3 0 1.83679 6

Mesh 1 4 3 1 1.26606 5

Mesh 1 4 3 2 1.10302 4

Mesh 1 4 3 3 0.682113 3

Mesh 1 4 3 4 0.550109 2

Mesh 1 4 3 5 0.927455 3

Mesh 1 4 4 0 2.06033 7

Mesh 1 4 4 1 1.40619 6

Mesh 1 4 4 2 1.67402 5

Mesh 1 4 4 3 1.19905 4

Mesh 1 4 4 4 0.460623 3

Mesh 1 4 4 5 0.832813 4

Mesh 1 4 5 0 1.62111 8

Mesh 1 4 5 1 1.42079 7

Mesh 1 4 5 2 1.33782 6

Mesh 1 4 5 3 1.25658 5

Mesh 1 4 5 4 1.21638 4

Mesh 1 4 5 5 1.34347 5

Mesh 1 5 0 0 1.45874 6

Mesh 1 5 0 1 1.25164 5

Mesh 1 5 0 2 1.03016 4

Mesh 1 5 0 3 0.669097 3

Mesh 1 5 0 4 0.606764 2

Mesh 1 5 0 5 0.261436 1

Mesh 1 5 1 0 1.61329 5

Mesh 1 5 1 1 0.886026 4

Mesh 1 5 1 2 0.793836 3

Mesh 1 5 1 3 0.485447 2

Mesh 1 5 1 4 0.278078 1

Mesh 1 5 2 0 1.52989 6

Mesh 1 5 2 1 1.14799 5

Mesh 1 5 2 2 1.23346 4

Mesh 1 5 2 3 0.811941 3

Mesh 1 5 2 4 0.573891 2

Mesh 1 5 2 5 0.269338 1

Mesh 1 5 3 0 1.68173 7

Mesh 1 5 3 1 1.43662 6

Mesh 1 5 3 2 1.39781 5

Mesh 1 5 3 3 1.09783 4

Mesh 1 5 3 4 0.75143 3

Mesh 1 5 3 5 0.536679 2

Mesh 1 5 4 0 1.80186 8

Mesh 1 5 4 1 1.8952 7

Mesh 1 5 4 2 1.59524 6

Mesh 1 5 4 3 1.46303 5

Mesh 1 5 4 4 1.32632 4

Mesh 1 5 4 5 0.891277 3

Mesh 1 5 5 0 2.03848 9

Mesh 1 5 5 1 2.02707 8

Mesh 1 5 5 2 1.86723 7

Mesh 1 5 5 3 1.59767 6

Mesh 1 5 5 4 1.06488 5

Mesh 1 5 5 5 0.863097 4

Mesh 2 0 0 0 0.616983 2

Mesh 2 0 0 1 0.767913 3

Mesh 2 0 0 2 0.874382 4

Mesh 2 0 0 3 1.01753 5

Mesh 2 0 0 4 1.59651 6

Mesh 2 0 0 5 1.94933 7

Mesh 2 0 1 0 0.277748 1

Mesh 2 0 1 1 0.540829 2

Mesh 2 0 1 2 0.647339 3

Mesh 2 0 1 3 0.87923 4

Mesh 2 0 1 4 1.26542 5

Mesh 2 0 1 5 1.80009 6

Mesh 2 0 2 1 0.329767 1

Mesh 2 0 2 2 0.537245 2

Mesh 2 0 2 3 0.645508 3

Mesh 2 0 2 4 0.867791 4

Mesh 2 0 2 5 1.62878 5

Mesh 2 0 3 0 0.154093 1

Mesh 2 0 3 1 0.319304 2

Mesh 2 0 3 2 0.768059 3

Mesh 2 0 3 3 0.993589 4

Mesh 2 0 3 4 1.32582 5

Mesh 2 0 3 5 1.32295 6

Mesh 2 0 4 0 0.695277 2

Mesh 2 0 4 1 0.534256 3

Mesh 2 0 4 2 1.09808 4

Mesh 2 0 4 3 1.00191 5

Mesh 2 0 4 4 1.85394 6

Mesh 2 0 4 5 1.99741 7

Mesh 2 0 5 0 0.741921 3

Mesh 2 0 5 1 1.21286 4

Mesh 2 0 5 2 1.41151 5

Mesh 2 0 5 3 1.23864 6

Mesh 2 0 5 4 1.52391 7

Mesh 2 0 5 5 1.74574 8

Mesh 2 1 0 0 0.618153 3

Mesh 2 1 0 1 0.560198 2

Mesh 2 1 0 2 0.70996 3

Mesh 2 1 0 3 1.2267 4

Mesh 2 1 0 4 1.12923 5

Mesh 2 1 0 5 1.45603 6

Mesh 2 1 1 0 0.452652 2

Mesh 2 1 1 1 0.225535 1

Mesh 2 1 1 2 0.477185 2

Mesh 2 1 1 3 0.861788 3

Mesh 2 1 1 4 0.671599 4

Mesh 2 1 1 5 1.70434 5

Mesh 2 1 2 0 0.252519 1

Mesh 2 1 2 2 0.220358 1

Mesh 2 1 2 3 0.575428 2

Mesh 2 1 2 4 0.688047 3

Mesh 2 1 2 5 0.840976 4

Mesh 2 1 3 0 0.548292 2

Mesh 2 1 3 1 0.248553 1

Mesh 2 1 3 2 0.537544 2

Mesh 2 1 3 3 0.740298 3

Mesh 2 1 3 4 1.06426 4

Mesh 2 1 3 5 1.29513 5

Mesh 2 1 4 0 0.825326 3

Mesh 2 1 4 1 0.608095 2

Mesh 2 1 4 2 0.888336 3

Mesh 2 1 4 3 1.02886 4

Mesh 2 1 4 4 1.22018 5

Mesh 2 1 4 5 1.60559 6

Mesh 2 1 5 0 1.01255 4

Mesh 2 1 5 1 0.806536 3

Mesh 2 1 5 2 1.02581 4

Mesh 2 1 5 3 1.57471 5

Mesh 2 1 5 4 1.76747 6

Mesh 2 1 5 5 1.70324 7

Mesh 2 2 0 0 1.17918 4

Mesh 2 2 0 1 0.859734 3

Mesh 2 2 0 2 0.599083 2

Mesh 2 2 0 3 0.651311 3

Mesh 2 2 0 4 1.02241 4

Mesh 2 2 0 5 1.31509 5

Mesh 2 2 1 0 0.952298 3

Mesh 2 2 1 1 0.597381 2

Mesh 2 2 1 2 0.490853 1

Mesh 2 2 1 3 0.503363 2

Mesh 2 2 1 4 0.86485 3

Mesh 2 2 1 5 0.954658 4

Mesh 2 2 2 0 0.557231 2

Mesh 2 2 2 1 0.19984 1

Mesh 2 2 2 3 0.219998 1

Mesh 2 2 2 4 0.617971 2

Mesh 2 2 2 5 0.94028 3

Mesh 2 2 3 0 0.838191 3

Mesh 2 2 3 1 0.869389 2

Mesh 2 2 3 2 0.361641 1

Mesh 2 2 3 3 0.69141 2

Mesh 2 2 3 4 0.711628 3

Mesh 2 2 3 5 0.968952 4

Mesh 2 2 4 0 1.1906 4

Mesh 2 2 4 1 0.801708 3

Mesh 2 2 4 2 0.496477 2

Mesh 2 2 4 3 0.939622 3

Mesh 2 2 4 4 1.11833 4

Mesh 2 2 4 5 1.30423 5

Mesh 2 2 5 0 1.28378 5

Mesh 2 2 5 1 1.08918 4

Mesh 2 2 5 2 0.925771 3

Mesh 2 2 5 3 1.03411 4

Mesh 2 2 5 4 1.34229 5

Mesh 2 2 5 5 1.56803 6

Mesh 2 3 0 0 1.33786 5

Mesh 2 3 0 1 1.39471 4

Mesh 2 3 0 2 0.98054 3

Mesh 2 3 0 3 0.718448 2

Mesh 2 3 0 4 1.02968 3

Mesh 2 3 0 5 0.990669 4

Mesh 2 3 1 0 0.978292 4

Mesh 2 3 1 1 0.938052 3

Mesh 2 3 1 2 0.718089 2

Mesh 2 3 1 3 0.307835 1

Mesh 2 3 1 4 0.753996 2

Mesh 2 3 1 5 0.736368 3

Mesh 2 3 2 0 0.592609 3

Mesh 2 3 2 1 0.675247 2

Mesh 2 3 2 2 0.357397 1

Mesh 2 3 2 4 0.335937 1

Mesh 2 3 2 5 0.491515 2

Mesh 2 3 3 0 0.829134 4

Mesh 2 3 3 1 0.586476 3

Mesh 2 3 3 2 0.255795 2

Mesh 2 3 3 3 0.376127 1

Mesh 2 3 3 4 0.520647 2

Mesh 2 3 3 5 0.971679 3

Mesh 2 3 4 0 1.26928 5

Mesh 2 3 4 1 0.959833 4

Mesh 2 3 4 2 1.10523 3

Mesh 2 3 4 3 0.411783 2

Mesh 2 3 4 4 0.863345 3

Mesh 2 3 4 5 1.04626 4

Mesh 2 3 5 0 1.49281 6

Mesh 2 3 5 1 1.38662 5

Mesh 2 3 5 2 0.982563 4

Mesh 2 3 5 3 0.634898 3

Mesh 2 3 5 4 1.10493 4

Mesh 2 3 5 5 0.923868 5

Mesh 2 4 0 0 1.40522 6

Mesh 2 4 0 1 1.1366 5

Mesh 2 4 0 2 1.03175 4

Mesh 2 4 0 3 0.734584 3

Mesh 2 4 0 4 0.584806 2

Mesh 2 4 0 5 0.702475 3

Mesh 2 4 1 0 1.11017 5

Mesh 2 4 1 1 0.755847 4

Mesh 2 4 1 2 0.797939 3

Mesh 2 4 1 3 0.471364 2

Mesh 2 4 1 4 0.24675 1

Mesh 2 4 1 5 0.611782 2

Mesh 2 4 2 0 1.1207 4

Mesh 2 4 2 1 0.890786 3

Mesh 2 4 2 2 0.481389 2

Mesh 2 4 2 3 0.299592 1

Mesh 2 4 2 5 0.16134 1

Mesh 2 4 3 0 1.59186 5

Mesh 2 4 3 1 0.78295 4

Mesh 2 4 3 2 0.553203 3

Mesh 2 4 3 3 0.60008 2

Mesh 2 4 3 4 0.155318 1

Mesh 2 4 3 5 0.794064 2

Mesh 2 4 4 0 1.48557 6

Mesh 2 4 4 1 1.31458 5

Mesh 2 4 4 2 1.1188 4

Mesh 2 4 4 3 0.713516 3

Mesh 2 4 4 4 0.575337 2

Mesh 2 4 4 5 1.00415 3

Mesh 2 4 5 0 2.24292 7

Mesh 2 4 5 1 1.77516 6

Mesh 2 4 5 2 1.48225 5

Mesh 2 4 5 3 1.16204 4

Mesh 2 4 5 4 0.794539 3

Mesh 2 4 5 5 0.831693 4

Mesh 2 5 0 0 2.02887 7

Mesh 2 5 0 1 1.14569 6

Mesh 2 5 0 2 1.30077 5

Mesh 2 5 0 3 0.989385 4

Mesh 2 5 0 4 0.952446 3

Mesh 2 5 0 5 0.40712 2

Mesh 2 5 1 0 1.40956 6

Mesh 2 5 1 1 1.53348 5

Mesh 2 5 1 2 1.19061 4

Mesh 2 5 1 3 0.785749 3

Mesh 2 5 1 4 0.615272 2

Mesh 2 5 1 5 0.240846 1

Mesh 2 5 2 0 1.18028 5

Mesh 2 5 2 1 1.14461 4

Mesh 2 5 2 2 0.634096 3

Mesh 2 5 2 3 0.480437 2

Mesh 2 5 2 4 0.179751 1

Mesh 2 5 3 0 1.46088 6

Mesh 2 5 3 1 1.34668 5

Mesh 2 5 3 2 0.937919 4

Mesh 2 5 3 3 0.645705 3

Mesh 2 5 3 4 0.724836 2

Mesh 2 5 3 5 0.174501 1

Mesh 2 5 4 0 1.61778 7

Mesh 2 5 4 1 1.52819 6

Mesh 2 5 4 2 1.16644 5

Mesh 2 5 4 3 0.936501 4

Mesh 2 5 4 4 0.91708 3

Mesh 2 5 4 5 0.216011 2

Mesh 2 5 5 0 1.92039 8

Mesh 2 5 5 1 1.81278 7

Mesh 2 5 5 2 1.94026 6

Mesh 2 5 5 3 1.36524 5

Mesh 2 5 5 4 1.14131 4

Mesh 2 5 5 5 0.83229 3

Mesh 3 0 0 0 0.89843 3

Mesh 3 0 0 1 1.15511 4

Mesh 3 0 0 2 1.38294 5

Mesh 3 0 0 3 1.32039 6

Mesh 3 0 0 4 2.01692 7

Mesh 3 0 0 5 2.07803 8

Mesh 3 0 1 0 0.516371 2

Mesh 3 0 1 1 0.618558 3

Mesh 3 0 1 2 0.973085 4

Mesh 3 0 1 3 1.21364 5

Mesh 3 0 1 4 1.24478 6

Mesh 3 0 1 5 1.60754 7

Mesh 3 0 2 0 0.214719 1

Mesh 3 0 2 1 0.524284 2

Mesh 3 0 2 2 0.829958 3

Mesh 3 0 2 3 1.16306 4

Mesh 3 0 2 4 1.22552 5

Mesh 3 0 2 5 1.45421 6

Mesh 3 0 3 1 0.504692 1

Mesh 3 0 3 2 0.57262 2

Mesh 3 0 3 3 0.917464 3

Mesh 3 0 3 4 1.08035 4

Mesh 3 0 3 5 1.22056 5

Mesh 3 0 4 0 0.204707 1

Mesh 3 0 4 1 0.719213 2

Mesh 3 0 4 2 1.06574 3

Mesh 3 0 4 3 1.23897 4

Mesh 3 0 4 4 1.15794 5

Mesh 3 0 4 5 1.54917 6

Mesh 3 0 5 0 0.437515 2

Mesh 3 0 5 1 0.638993 3

Mesh 3 0 5 2 0.911521 4

Mesh 3 0 5 3 1.64465 5

Mesh 3 0 5 4 1.90346 6

Mesh 3 0 5 5 1.46901 7

Mesh 3 1 0 0 1.22591 4

Mesh 3 1 0 1 0.932111 3

Mesh 3 1 0 2 1.11951 4

Mesh 3 1 0 3 1.36163 5

Mesh 3 1 0 4 1.64091 6

Mesh 3 1 0 5 1.85642 7

Mesh 3 1 1 0 0.503523 3

Mesh 3 1 1 1 0.602118 2

Mesh 3 1 1 2 0.815982 3

Mesh 3 1 1 3 1.25858 4

Mesh 3 1 1 4 1.24267 5

Mesh 3 1 1 5 1.4607 6

Mesh 3 1 2 0 0.384642 2

Mesh 3 1 2 1 0.188123 1

Mesh 3 1 2 2 0.475382 2

Mesh 3 1 2 3 0.554944 3

Mesh 3 1 2 4 0.949148 4

Mesh 3 1 2 5 1.40024 5

Mesh 3 1 3 0 0.099515 1

Mesh 3 1 3 2 0.313397 1

Mesh 3 1 3 3 0.49263 2

Mesh 3 1 3 4 0.648034 3

Mesh 3 1 3 5 0.935821 4

Mesh 3 1 4 0 0.474238 2

Mesh 3 1 4 1 0.260699 1

Mesh 3 1 4 2 0.4684 2

Mesh 3 1 4 3 0.767676 3

Mesh 3 1 4 4 1.13804 4

Mesh 3 1 4 5 1.26995 5

Mesh 3 1 5 0 0.976307 3

Mesh 3 1 5 1 0.571582 2

Mesh 3 1 5 2 0.465661 3

Mesh 3 1 5 3 1.19734 4

Mesh 3 1 5 4 1.33618 5

Mesh 3 1 5 5 1.67944 6

Mesh 3 2 0 0 1.41827 5

Mesh 3 2 0 1 0.831209 4

Mesh 3 2 0 2 1.12436 3

Mesh 3 2 0 3 0.829547 4

Mesh 3 2 0 4 1.50655 5

Mesh 3 2 0 5 1.28871 6

Mesh 3 2 1 0 0.76783 4

Mesh 3 2 1 1 0.693473 3

Mesh 3 2 1 2 0.396124 2

Mesh 3 2 1 3 0.515352 3

Mesh 3 2 1 4 0.897555 4

Mesh 3 2 1 5 1.55299 5

Mesh 3 2 2 0 0.83802 3

Mesh 3 2 2 1 0.592391 2

Mesh 3 2 2 2 0.245265 1

Mesh 3 2 2 3 0.573539 2

Mesh 3 2 2 4 0.62549 3

Mesh 3 2 2 5 1.29937 4

Mesh 3 2 3 0 0.557048 2

Mesh 3 2 3 1 0.272706 1

Mesh 3 2 3 3 0.282659 1

Mesh 3 2 3 4 0.535795 2

Mesh 3 2 3 5 0.661975 3

Mesh 3 2 4 0 0.791589 3

Mesh 3 2 4 1 0.533174 2

Mesh 3 2 4 2 0.369475 1

Mesh 3 2 4 3 0.612992 2

Mesh 3 2 4 4 1.10368 3

Mesh 3 2 4 5 1.32924 4

Mesh 3 2 5 0 1.1544 4

Mesh 3 2 5 1 0.812204 3

Mesh 3 2 5 2 0.435317 2

Mesh 3 2 5 3 0.440526 3

Mesh 3 2 5 4 0.801181 4

Mesh 3 2 5 5 1.22006 5

Mesh 3 3 0 0 1.4584 6

Mesh 3 3 0 1 1.62085 5

Mesh 3 3 0 2 1.2266 4

Mesh 3 3 0 3 0.451089 3

Mesh 3 3 0 4 0.9221 4

Mesh 3 3 0 5 1.25785 5

Mesh 3 3 1 0 1.31771 5

Mesh 3 3 1 1 0.932364 4

Mesh 3 3 1 2 0.861949 3

Mesh 3 3 1 3 0.652264 2

Mesh 3 3 1 4 0.743839 3

Mesh 3 3 1 5 0.866534 4

Mesh 3 3 2 0 0.810718 4

Mesh 3 3 2 1 0.871408 3

Mesh 3 3 2 2 0.484174 2

Mesh 3 3 2 3 0.254744 1

Mesh 3 3 2 4 0.561029 2

Mesh 3 3 2 5 0.83468 3

Mesh 3 3 3 0 0.637719 3

Mesh 3 3 3 1 0.524696 2

Mesh 3 3 3 2 0.32688 1

Mesh 3 3 3 4 0.385313 1

Mesh 3 3 3 5 0.766052 2

Mesh 3 3 4 0 0.896043 4

Mesh 3 3 4 1 0.571959 3

Mesh 3 3 4 2 0.559833 2

Mesh 3 3 4 3 0.291043 1

Mesh 3 3 4 4 0.628845 2

Mesh 3 3 4 5 0.840855 3

Mesh 3 3 5 0 1.50932 5

Mesh 3 3 5 1 1.07039 4

Mesh 3 3 5 2 0.723824 3

Mesh 3 3 5 3 0.699793 2

Mesh 3 3 5 4 0.69056 3

Mesh 3 3 5 5 0.949687 4

Mesh 3 4 0 0 1.79115 7

Mesh 3 4 0 1 1.61763 6

Mesh 3 4 0 2 1.26125 5

Mesh 3 4 0 3 1.06407 4

Mesh 3 4 0 4 1.0499 3

Mesh 3 4 0 5 1.18221 4

Mesh 3 4 1 0 1.67013 6

Mesh 3 4 1 1 1.0659 5

Mesh 3 4 1 2 1.06727 4

Mesh 3 4 1 3 0.833893 3

Mesh 3 4 1 4 0.44184 2

Mesh 3 4 1 5 0.753164 3

Mesh 3 4 2 0 1.29039 5

Mesh 3 4 2 1 0.804115 4

Mesh 3 4 2 2 1.05598 3

Mesh 3 4 2 3 0.783587 2

Mesh 3 4 2 4 0.367081 1

Mesh 3 4 2 5 0.871666 2

Mesh 3 4 3 0 0.993664 4

Mesh 3 4 3 1 0.941514 3

Mesh 3 4 3 2 0.419516 2

Mesh 3 4 3 3 0.28113 1

Mesh 3 4 3 5 0.345188 1

Mesh 3 4 4 0 1.42574 5

Mesh 3 4 4 1 1.3218 4

Mesh 3 4 4 2 0.776203 3

Mesh 3 4 4 3 0.715844 2

Mesh 3 4 4 4 0.450345 1

Mesh 3 4 4 5 0.601741 2

Mesh 3 4 5 0 1.56182 6

Mesh 3 4 5 1 1.10204 5

Mesh 3 4 5 2 0.770457 4

Mesh 3 4 5 3 1.04062 3

Mesh 3 4 5 4 0.445754 2

Mesh 3 4 5 5 1.13313 3

Mesh 3 5 0 0 1.93792 8

Mesh 3 5 0 1 1.55326 7

Mesh 3 5 0 2 1.73303 6

Mesh 3 5 0 3 1.16168 5

Mesh 3 5 0 4 1.06733 4

Mesh 3 5 0 5 0.7725 3

Mesh 3 5 1 0 1.90004 7

Mesh 3 5 1 1 1.53014 6

Mesh 3 5 1 2 1.37 5

Mesh 3 5 1 3 1.28091 4

Mesh 3 5 1 4 0.706992 3

Mesh 3 5 1 5 0.346497 2

Mesh 3 5 2 0 1.4934 6

Mesh 3 5 2 1 1.45008 5

Mesh 3 5 2 2 1.07614 4

Mesh 3 5 2 3 0.999052 3

Mesh 3 5 2 4 0.458194 2

Mesh 3 5 2 5 0.481613 1

Mesh 3 5 3 0 1.2347 5

Mesh 3 5 3 1 1.23901 4

Mesh 3 5 3 2 0.802267 3

Mesh 3 5 3 3 0.517428 2

Mesh 3 5 3 4 0.370557 1

Mesh 3 5 4 0 2.02467 6

Mesh 3 5 4 1 1.06721 5

Mesh 3 5 4 2 1.05782 4

Mesh 3 5 4 3 0.922509 3

Mesh 3 5 4 4 0.481352 2

Mesh 3 5 4 5 0.080017 1

Mesh 3 5 5 0 1.4791 7

Mesh 3 5 5 1 1.53289 6

Mesh 3 5 5 2 0.953137 5

Mesh 3 5 5 3 1.21706 4

Mesh 3 5 5 4 0.836248 3

Mesh 3 5 5 5 0.573841 2

Mesh 4 0 0 0 1.22617 4

Mesh 4 0 0 1 1.07011 5

Mesh 4 0 0 2 1.7355 6

Mesh 4 0 0 3 1.50558 7

Mesh 4 0 0 4 2.45232 8

Mesh 4 0 0 5 2.39026 9

Mesh 4 0 1 0 0.799838 3

Mesh 4 0 1 1 0.904885 4

Mesh 4 0 1 2 1.38869 5

Mesh 4 0 1 3 1.45417 6

Mesh 4 0 1 4 1.83362 7

Mesh 4 0 1 5 1.94262 8

Mesh 4 0 2 0 0.601391 2

Mesh 4 0 2 1 0.73508 3

Mesh 4 0 2 2 1.05733 4

Mesh 4 0 2 3 1.03372 5

Mesh 4 0 2 4 1.22968 6

Mesh 4 0 2 5 1.87918 7

Mesh 4 0 3 0 0.411825 1

Mesh 4 0 3 1 0.492461 2

Mesh 4 0 3 2 0.796679 3

Mesh 4 0 3 3 1.35788 4

Mesh 4 0 3 4 1.16593 5

Mesh 4 0 3 5 1.76725 6

Mesh 4 0 4 1 0.283932 1

Mesh 4 0 4 2 0.495014 2

Mesh 4 0 4 3 0.787075 3

Mesh 4 0 4 4 1.01036 4

Mesh 4 0 4 5 1.67433 5

Mesh 4 0 5 0 0.321074 1

Mesh 4 0 5 1 0.727449 2

Mesh 4 0 5 2 0.547307 3

Mesh 4 0 5 3 0.92515 4

Mesh 4 0 5 4 1.25073 5

Mesh 4 0 5 5 1.51103 6

Mesh 4 1 0 0 1.20718 5

Mesh 4 1 0 1 0.764911 4

Mesh 4 1 0 2 1.27808 5

Mesh 4 1 0 3 1.52351 6

Mesh 4 1 0 4 1.54699 7

Mesh 4 1 0 5 1.54896 8

Mesh 4 1 1 0 1.00747 4

Mesh 4 1 1 1 0.815614 3

Mesh 4 1 1 2 0.949134 4

Mesh 4 1 1 3 1.32192 5

Mesh 4 1 1 4 1.53168 6

Mesh 4 1 1 5 1.50246 7

Mesh 4 1 2 0 0.551825 3

Mesh 4 1 2 1 0.567541 2

Mesh 4 1 2 2 0.901024 3

Mesh 4 1 2 3 0.985982 4

Mesh 4 1 2 4 1.15952 5

Mesh 4 1 2 5 1.25108 6

Mesh 4 1 3 0 0.400444 2

Mesh 4 1 3 1 0.388148 1

Mesh 4 1 3 2 0.495131 2

Mesh 4 1 3 3 0.554662 3

Mesh 4 1 3 4 1.11674 4

Mesh 4 1 3 5 1.6262 5

Mesh 4 1 4 0 0.281559 1

Mesh 4 1 4 2 0.299183 1

Mesh 4 1 4 3 0.497367 2

Mesh 4 1 4 4 0.964489 3

Mesh 4 1 4 5 1.04347 4

Mesh 4 1 5 0 0.506708 2

Mesh 4 1 5 1 0.32801 1

Mesh 4 1 5 2 0.573013 2

Mesh 4 1 5 3 0.760875 3

Mesh 4 1 5 4 0.588342 4

Mesh 4 1 5 5 0.938825 5

Mesh 4 2 0 0 1.36929 6

Mesh 4 2 0 1 1.02274 5

Mesh 4 2 0 2 1.11383 4

Mesh 4 2 0 3 1.14542 5

Mesh 4 2 0 4 1.46914 6

Mesh 4 2 0 5 1.5599 7

Mesh 4 2 1 0 1.57182 5

Mesh 4 2 1 1 0.817177 4

Mesh 4 2 1 2 0.699321 3

Mesh 4 2 1 3 0.922944 4

Mesh 4 2 1 4 1.24561 5

Mesh 4 2 1 5 1.70856 6

Mesh 4 2 2 0 0.889837 4

Mesh 4 2 2 1 1.18657 3

Mesh 4 2 2 2 0.637382 2

Mesh 4 2 2 3 0.895719 3

Mesh 4 2 2 4 1.0854 4

Mesh 4 2 2 5 1.25608 5

Mesh 4 2 3 0 0.687942 3

Mesh 4 2 3 1 0.626112 2

Mesh 4 2 3 2 0.245588 1

Mesh 4 2 3 3 0.600726 2

Mesh 4 2 3 4 0.901351 3

Mesh 4 2 3 5 0.607036 4

Mesh 4 2 4 0 0.612185 2

Mesh 4 2 4 1 0.339556 1

Mesh 4 2 4 3 0.270626 1

Mesh 4 2 4 4 0.693093 2

Mesh 4 2 4 5 0.996249 3

Mesh 4 2 5 0 0.885343 3

Mesh 4 2 5 1 0.314102 2

Mesh 4 2 5 2 0.332386 1

Mesh 4 2 5 3 0.589632 2

Mesh 4 2 5 4 0.784829 3

Mesh 4 2 5 5 1.11754 4

Mesh 4 3 0 0 1.73491 7

Mesh 4 3 0 1 1.5669 6

Mesh 4 3 0 2 1.46513 5

Mesh 4 3 0 3 1.07438 4

Mesh 4 3 0 4 1.46846 5

Mesh 4 3 0 5 1.4451 6

Mesh 4 3 1 0 1.52588 6

Mesh 4 3 1 1 1.24161 5

Mesh 4 3 1 2 0.845444 4

Mesh 4 3 1 3 0.843725 3

Mesh 4 3 1 4 1.20038 4

Mesh 4 3 1 5 0.904907 5

Mesh 4 3 2 0 1.2162 5

Mesh 4 3 2 1 0.832206 4

Mesh 4 3 2 2 0.635677 3

Mesh 4 3 2 3 0.269578 2

Mesh 4 3 2 4 0.984904 3

Mesh 4 3 2 5 1.09462 4

Mesh 4 3 3 0 1.29559 4

Mesh 4 3 3 1 0.898444 3

Mesh 4 3 3 2 0.521064 2

Mesh 4 3 3 3 0.331003 1

Mesh 4 3 3 4 0.827862 2

Mesh 4 3 3 5 1.34756 3

Mesh 4 3 4 0 0.820901 3

Mesh 4 3 4 1 0.404324 2

Mesh 4 3 4 2 0.140532 1

Mesh 4 3 4 4 0.477127 1

Mesh 4 3 4 5 0.453255 2

Mesh 4 3 5 0 0.858246 4

Mesh 4 3 5 1 0.596906 3

Mesh 4 3 5 2 0.511994 2

Mesh 4 3 5 3 0.277488 1

Mesh 4 3 5 4 0.825684 2

Mesh 4 3 5 5 0.987366 3

Mesh 4 4 0 0 1.79316 8

Mesh 4 4 0 1 1.86668 7

Mesh 4 4 0 2 1.54592 6

Mesh 4 4 0 3 1.50304 5

Mesh 4 4 0 4 0.888889 4

Mesh 4 4 0 5 1.5482 5

Mesh 4 4 1 0 1.53285 7

Mesh 4 4 1 1 1.6638 6

Mesh 4 4 1 2 1.31361 5

Mesh 4 4 1 3 1.16379 4

Mesh 4 4 1 4 0.88077 3

Mesh 4 4 1 5 0.971326 4

Mesh 4 4 2 0 1.57515 6

Mesh 4 4 2 1 1.27232 5

Mesh 4 4 2 2 0.925791 4

Mesh 4 4 2 3 0.668171 3

Mesh 4 4 2 4 0.360742 2

Mesh 4 4 2 5 0.701265 3

Mesh 4 4 3 0 1.2229 5

Mesh 4 4 3 1 1.22809 4

Mesh 4 4 3 2 0.608583 3

Mesh 4 4 3 3 0.625488 2

Mesh 4 4 3 4 0.361379 1

Mesh 4 4 3 5 0.692388 2

Mesh 4 4 4 0 1.02157 4

Mesh 4 4 4 1 0.927672 3

Mesh 4 4 4 2 0.736542 2

Mesh 4 4 4 3 0.306505 1

Mesh 4 4 4 5 0.277793 1

Mesh 4 4 5 0 1.56858 5

Mesh 4 4 5 1 1.11004 4

Mesh 4 4 5 2 1.07769 3

Mesh 4 4 5 3 0.827072 2

Mesh 4 4 5 4 0.246904 1

Mesh 4 4 5 5 0.86934 2

Mesh 4 5 0 0 2.37663 9

Mesh 4 5 0 1 1.86776 8

Mesh 4 5 0 2 1.39982 7

Mesh 4 5 0 3 1.50487 6

Mesh 4 5 0 4 1.35459 5

Mesh 4 5 0 5 1.24243 4

Mesh 4 5 1 0 1.84329 8

Mesh 4 5 1 1 1.99972 7

Mesh 4 5 1 2 1.66976 6

Mesh 4 5 1 3 1.22067 5

Mesh 4 5 1 4 1.05357 4

Mesh 4 5 1 5 1.12772 3

Mesh 4 5 2 0 1.71494 7

Mesh 4 5 2 1 1.57386 6

Mesh 4 5 2 2 1.17784 5

Mesh 4 5 2 3 0.792248 4

Mesh 4 5 2 4 0.634415 3

Mesh 4 5 2 5 1.00237 2

Mesh 4 5 3 0 1.92726 6

Mesh 4 5 3 1 1.11908 5

Mesh 4 5 3 2 0.865549 4

Mesh 4 5 3 3 0.792413 3

Mesh 4 5 3 4 0.60634 2

Mesh 4 5 3 5 0.241438 1

Mesh 4 5 4 0 1.3395 5

Mesh 4 5 4 1 1.22826 4

Mesh 4 5 4 2 0.913606 3

Mesh 4 5 4 3 0.580065 2

Mesh 4 5 4 4 0.213682 1

Mesh 4 5 5 0 1.61575 6

Mesh 4 5 5 1 1.54808 5

Mesh 4 5 5 2 1.07813 4

Mesh 4 5 5 3 0.885322 3

Mesh 4 5 5 4 0.741331 2

Mesh 4 5 5 5 0.216881 1

Mesh 5 0 0 0 1.69417 5

Mesh 5 0 0 1 1.88356 6

Mesh 5 0 0 2 2.10821 7

Mesh 5 0 0 3 2.28639 8

Mesh 5 0 0 4 2.30642 9

Mesh 5 0 0 5 2.69227 10

Mesh 5 0 1 0 1.13995 4

Mesh 5 0 1 1 1.38288 5

Mesh 5 0 1 2 2.13988 6

Mesh 5 0 1 3 1.81333 7

Mesh 5 0 1 4 1.90839 8

Mesh 5 0 1 5 2.2021 9

Mesh 5 0 2 0 0.765648 3

Mesh 5 0 2 1 1.08306 4

Mesh 5 0 2 2 1.31489 5

Mesh 5 0 2 3 1.46849 6

Mesh 5 0 2 4 1.99505 7

Mesh 5 0 2 5 1.95149 8

Mesh 5 0 3 0 0.566489 2

Mesh 5 0 3 1 0.886131 3

Mesh 5 0 3 2 0.888783 4

Mesh 5 0 3 3 1.21169 5

Mesh 5 0 3 4 1.56421 6

Mesh 5 0 3 5 1.76638 7

Mesh 5 0 4 0 0.247951 1

Mesh 5 0 4 1 0.639287 2

Mesh 5 0 4 2 0.931118 3

Mesh 5 0 4 3 0.907173 4

Mesh 5 0 4 4 1.08657 5

Mesh 5 0 4 5 1.33628 6

Mesh 5 0 5 1 0.514277 1

Mesh 5 0 5 2 0.656552 2

Mesh 5 0 5 3 0.690392 3

Mesh 5 0 5 4 0.941493 4

Mesh 5 0 5 5 1.346 5

Mesh 5 1 0 0 2.06824 6

Mesh 5 1 0 1 1.22967 5

Mesh 5 1 0 2 1.67524 6

Mesh 5 1 0 3 1.83052 7

Mesh 5 1 0 4 2.10154 8

Mesh 5 1 0 5 2.14361 9

Mesh 5 1 1 0 1.21649 5

Mesh 5 1 1 1 1.01921 4

Mesh 5 1 1 2 1.27524 5

Mesh 5 1 1 3 1.62747 6

Mesh 5 1 1 4 1.2795 7

Mesh 5 1 1 5 2.06241 8

Mesh 5 1 2 0 1.475 4

Mesh 5 1 2 1 0.89804 3

Mesh 5 1 2 2 0.886966 4

Mesh 5 1 2 3 1.52161 5

Mesh 5 1 2 4 1.44656 6

Mesh 5 1 2 5 1.86258 7

Mesh 5 1 3 0 0.835224 3

Mesh 5 1 3 1 0.511356 2

Mesh 5 1 3 2 0.761412 3

Mesh 5 1 3 3 1.37952 4

Mesh 5 1 3 4 1.07513 5

Mesh 5 1 3 5 1.5301 6

Mesh 5 1 4 0 0.707151 2

Mesh 5 1 4 1 0.219825 1

Mesh 5 1 4 2 0.917097 2

Mesh 5 1 4 3 0.599855 3

Mesh 5 1 4 4 1.15654 4

Mesh 5 1 4 5 1.38966 5

Mesh 5 1 5 0 0.350845 1

Mesh 5 1 5 2 0.228415 1

Mesh 5 1 5 3 0.42278 2

Mesh 5 1 5 4 0.695508 3

Mesh 5 1 5 5 0.953236 4

Mesh 5 2 0 0 1.42232 7

Mesh 5 2 0 1 1.57489 6

Mesh 5 2 0 2 1.31466 5

Mesh 5 2 0 3 1.92965 6

Mesh 5 2 0 4 1.35094 7

Mesh 5 2 0 5 2.11026 8

Mesh 5 2 1 0 1.47986 6

Mesh 5 2 1 1 1.06492 5

Mesh 5 2 1 2 0.879013 4

Mesh 5 2 1 3 1.36249 5

Mesh 5 2 1 4 1.55128 6

Mesh 5 2 1 5 1.58049 7

Mesh 5 2 2 0 1.0651 5

Mesh 5 2 2 1 0.855211 4

Mesh 5 2 2 2 0.915144 3

Mesh 5 2 2 3 0.93537 4

Mesh 5 2 2 4 1.31441 5

Mesh 5 2 2 5 1.49801 6

Mesh 5 2 3 0 1.19861 4

Mesh 5 2 3 1 0.724258 3

Mesh 5 2 3 2 0.383649 2

Mesh 5 2 3 3 0.705954 3

Mesh 5 2 3 4 1.13393 4

Mesh 5 2 3 5 1.49011 5

Mesh 5 2 4 0 0.70041 3

Mesh 5 2 4 1 0.44585 2

Mesh 5 2 4 2 0.342013 1

Mesh 5 2 4 3 0.539732 2

Mesh 5 2 4 4 0.788593 3

Mesh 5 2 4 5 0.769004 4

Mesh 5 2 5 0 0.498026 2

Mesh 5 2 5 1 0.246079 1

Mesh 5 2 5 3 0.200132 1

Mesh 5 2 5 4 0.55829 2

Mesh 5 2 5 5 0.947774 3

Mesh 5 3 0 0 1.92571 8

Mesh 5 3 0 1 1.85959 7

Mesh 5 3 0 2 1.54999 6

Mesh 5 3 0 3 0.842904 5

Mesh 5 3 0 4 1.58184 6

Mesh 5 3 0 5 2.21935 7

Mesh 5 3 1 0 1.82489 7

Mesh 5 3 1 1 1.24479 6

Mesh 5 3 1 2 1.24321 5

Mesh 5 3 1 3 0.991226 4

Mesh 5 3 1 4 1.40782 5

Mesh 5 3 1 5 1.5637 6

Mesh 5 3 2 0 1.84605 6

Mesh 5 3 2 1 1.00787 5

Mesh 5 3 2 2 0.779358 4

Mesh 5 3 2 3 0.724645 3

Mesh 5 3 2 4 1.08579 4

Mesh 5 3 2 5 1.13071 5

Mesh 5 3 3 0 1.29702 5

Mesh 5 3 3 1 1.29021 4

Mesh 5 3 3 2 0.729509 3

Mesh 5 3 3 3 0.589434 2

Mesh 5 3 3 4 0.532202 3

Mesh 5 3 3 5 1.29307 4

Mesh 5 3 4 0 0.984393 4

Mesh 5 3 4 1 0.832953 3

Mesh 5 3 4 2 0.599196 2

Mesh 5 3 4 3 0.26444 1

Mesh 5 3 4 4 0.475691 2

Mesh 5 3 4 5 0.503958 3

Mesh 5 3 5 0 0.701781 3

Mesh 5 3 5 1 0.64981 2

Mesh 5 3 5 2 0.261363 1

Mesh 5 3 5 4 0.282862 1

Mesh 5 3 5 5 0.623208 2

Mesh 5 4 0 0 1.65046 9

Mesh 5 4 0 1 2.13094 8

Mesh 5 4 0 2 1.70598 7

Mesh 5 4 0 3 1.76474 6

Mesh 5 4 0 4 1.48131 5

Mesh 5 4 0 5 1.64309 6

Mesh 5 4 1 0 2.40688 8

Mesh 5 4 1 1 2.05232 7

Mesh 5 4 1 2 1.37849 6

Mesh 5 4 1 3 1.41542 5

Mesh 5 4 1 4 0.991999 4

Mesh 5 4 1 5 1.3593 5

Mesh 5 4 2 0 1.90863 7

Mesh 5 4 2 1 1.84261 6

Mesh 5 4 2 2 1.45576 5

Mesh 5 4 2 3 1.15599 4

Mesh 5 4 2 4 0.849379 3

Mesh 5 4 2 5 0.98357 4

Mesh 5 4 3 0 1.91985 6

Mesh 5 4 3 1 1.24424 5

Mesh 5 4 3 2 0.907797 4

Mesh 5 4 3 3 0.815323 3

Mesh 5 4 3 4 0.539528 2

Mesh 5 4 3 5 0.770014 3

Mesh 5 4 4 0 0.97533 5

Mesh 5 4 4 1 1.10695 4

Mesh 5 4 4 2 0.959866 3

Mesh 5 4 4 3 0.455776 2

Mesh 5 4 4 4 0.277935 1

Mesh 5 4 4 5 0.608025 2

Mesh 5 4 5 0 1.2321 4

Mesh 5 4 5 1 0.667675 3

Mesh 5 4 5 2 0.564656 2

Mesh 5 4 5 3 0.232136 1

Mesh 5 4 5 5 0.152839 1

Mesh 5 5 0 0 2.61578 10

Mesh 5 5 0 1 2.14247 9

Mesh 5 5 0 2 1.95193 8

Mesh 5 5 0 3 1.96116 7

Mesh 5 5 0 4 1.31839 6

Mesh 5 5 0 5 1.23272 5

Mesh 5 5 1 0 2.32005 9

Mesh 5 5 1 1 1.75835 8

Mesh 5 5 1 2 1.65201 7

Mesh 5 5 1 3 1.81237 6

Mesh 5 5 1 4 1.61096 5

Mesh 5 5 1 5 0.903446 4

Mesh 5 5 2 0 2.25085 8

Mesh 5 5 2 1 1.71025 7

Mesh 5 5 2 2 1.55381 6

Mesh 5 5 2 3 1.05742 5

Mesh 5 5 2 4 1.16055 4

Mesh 5 5 2 5 0.916311 3

Mesh 5 5 3 0 1.83716 7

Mesh 5 5 3 1 1.71591 6

Mesh 5 5 3 2 1.23003 5

Mesh 5 5 3 3 0.669016 4

Mesh 5 5 3 4 0.921817 3

Mesh 5 5 3 5 0.644323 2

Mesh 5 5 4 0 1.4116 6

Mesh 5 5 4 1 1.28322 5

Mesh 5 5 4 2 1.00576 4

Mesh 5 5 4 3 0.676062 3

Mesh 5 5 4 4 0.51907 2

Mesh 5 5 4 5 0.26157 1

Mesh 5 5 5 0 1.2299 5

Mesh 5 5 5 1 1.00764 4

Mesh 5 5 5 2 0.875028 3

Mesh 5 5 5 3 0.631566 2

Mesh 5 5 5 4 0.273793 1

MESH TOPOLOGY SIMULATION


Row Size : 10	Column Size : 10